100 46.19553756713867 97.16251525878906 0.5218964159488678
200 40.55286636352539 85.6406967163086 0.7530089735984802
300 37.470106506347655 75.78215789794922 0.4835164129734039
400 34.91951217651367 69.27301940917968 0.5578016877174378
500 32.10047454833985 64.53685150146484 0.433388763666153
600 29.929428100585938 60.23228149414062 0.44777344465255736
700 31.26203269958496 60.76300201416016 0.35779047608375547
800 29.55713310241699 58.481787109375 0.48340248465538027
900 28.426908493041992 55.43951644897461 0.44906193017959595
1000 26.6253360748291 50.804586029052736 0.6513887286186218
1100 26.509310913085937 49.31746063232422 0.5379976987838745
1200 26.665054321289062 51.79293518066406 0.35357180833816526
1300 25.716061401367188 48.7420036315918 0.41789768934249877
1400 25.709796524047853 50.02273330688477 0.4968539595603943
1500 25.039296340942382 47.274478149414065 0.46108747124671934
1600 24.105611419677736 46.566925811767575 0.44602290987968446
1700 23.92094955444336 45.884394836425784 0.3692962467670441
1800 24.033046340942384 46.46283798217773 0.45004751086235045
1900 24.241893768310547 45.82164611816406 0.45971564054489134
2000 22.823706817626952 43.46689071655273 0.3695742428302765
2100 23.33149108886719 44.81869812011719 0.38563003540039065
2200 23.656724166870116 45.31677780151367 0.5904271841049195
2300 22.207664489746094 43.34538879394531 0.35126482844352724
2400 22.537487411499022 43.84448318481445 0.3941238701343536
2500 22.368552017211915 43.229637145996094 0.4392548561096191
2600 22.600211715698244 43.59643402099609 0.40496711134910585
2700 22.129504776000978 42.77653579711914 0.3418128788471222
2800 21.13146858215332 41.32928695678711 0.3690649390220642
2900 21.568122482299806 41.76028747558594 0.45466487407684325
3000 21.781377029418945 42.31913375854492 0.35288033485412595
3100 21.359274291992186 40.960488891601564 0.4646902561187744
3200 21.059192276000978 41.44302978515625 0.29181721806526184
3300 21.636328887939452 42.10078887939453 0.42664097547531127
3400 21.63282356262207 41.57472152709961 0.3558907568454742
3500 21.210146331787108 41.50394821166992 0.3163342773914337
3600 21.321739196777344 41.39413986206055 0.32278592586517335
3700 20.55296401977539 40.14502944946289 0.30150585770606997
3800 21.133329010009767 39.85767288208008 0.6346058249473572
3900 21.043759918212892 40.22926559448242 0.3675155997276306
4000 20.419867706298827 39.482400512695314 0.3054736852645874
4100 21.730623245239258 41.791001892089845 0.3619574666023254
4200 20.266965866088867 39.416718292236325 0.2973140299320221
4300 20.76922492980957 40.774027252197264 0.34984445571899414
4400 20.49617691040039 39.794202423095705 0.2963776051998138
4500 21.099410629272462 41.09500274658203 0.33230468034744265
4600 19.85758857727051 38.909793090820315 0.29019845724105836
4700 20.229172134399413 39.54910049438477 0.28877708315849304
4800 20.208538436889647 39.35117950439453 0.3065462589263916
4900 20.737779998779295 40.54039535522461 0.29579164981842043
5000 19.68971481323242 38.16312866210937 0.4084717035293579
5100 20.748493957519532 40.911424255371095 0.314680153131485
5200 19.616324996948244 37.88333511352539 0.2943273961544037
5300 19.844113159179688 38.46820907592773 0.45312153697013857
5400 19.897507095336913 38.894656372070315 0.3032050967216492
5500 19.898202896118164 38.78521194458008 0.2795115798711777
5600 20.18744239807129 39.063391876220706 0.3174329578876495
5700 19.964791107177735 39.07741165161133 0.28665571212768554
5800 19.752831268310548 38.25708847045898 0.2929535210132599
5900 20.03768081665039 39.36116027832031 0.29813286662101746
6000 19.201591873168944 37.084001541137695 0.42589170336723325
6100 19.531292343139647 38.155199432373045 0.30716719627380373
6200 19.515164184570313 37.88074951171875 0.3749631404876709
6300 19.227995300292967 37.75938110351562 0.32215484976768494
6400 19.614946365356445 38.74698715209961 0.3375589489936829
6500 20.039471054077147 39.36550369262695 0.32702510356903075
6600 19.40068664550781 38.051099395751955 0.2972269058227539
6700 19.48834648132324 37.87583236694336 0.2988492250442505
6800 19.25184211730957 38.12458763122559 0.2616919159889221
6900 19.643195343017577 38.05123062133789 0.29236563444137575
7000 19.501553344726563 38.298213958740234 0.3119654834270477
7100 19.975794982910156 38.82566757202149 0.3219243884086609
7200 19.62538948059082 38.26985816955566 0.315605103969574
7300 19.41659278869629 38.13176002502441 0.28998289704322816
7400 19.423787307739257 38.522586059570315 0.27214906811714173
7500 19.031353759765626 37.5593807220459 0.34561740756034853
7600 19.94636650085449 39.635555267333984 0.2951265752315521
7700 19.081758880615233 38.04577369689942 0.2769988656044006
7800 19.951183700561522 38.94108657836914 0.4282409489154816
7900 19.284039306640626 37.84647674560547 0.29931958913803103
8000 19.348331451416016 38.06325149536133 0.36431425213813784
8100 19.41872634887695 38.031545639038086 0.40341909527778624
8200 19.131647491455077 37.80100708007812 0.31501659750938416
8300 18.925312423706053 37.37324829101563 0.291191828250885
8400 20.264965057373047 39.30153961181641 0.4308835923671722
8500 19.257707595825195 37.92765426635742 0.3075938165187836
8600 19.516088485717773 38.53264465332031 0.28411033749580383
8700 20.480964279174806 40.217138671875 0.2973583400249481
8800 19.06496925354004 37.219343185424805 0.2940977215766907
8900 19.027540588378905 37.60133590698242 0.2684054493904114
9000 18.588136291503908 36.951643753051755 0.3218858003616333
9100 19.791368865966795 39.149392700195314 0.27832279801368714
9200 18.616093826293945 36.91486930847168 0.28057228624820707
9300 18.71825752258301 37.248748016357425 0.2768238842487335
9400 18.932080078125 37.04699172973633 0.37159181833267213
9500 19.040890884399413 37.340338134765624 0.37876287698745725
9600 19.501874923706055 38.209130859375 0.30347660183906555
9700 18.476559829711913 36.443438339233396 0.2631252706050873
9800 19.01208610534668 37.18880004882813 0.29623621702194214
9900 18.532659912109374 36.301887893676756 0.3154788136482239
10000 18.841584777832033 37.4901180267334 0.2753628075122833
10100 19.054397583007812 37.513148880004884 0.3031549632549286
10200 19.48543586730957 38.48668174743652 0.3264144122600555
10300 18.366643524169923 36.19846649169922 0.26145747900009153
10400 19.152708053588867 37.19765777587891 0.439143443107605
10500 18.591263580322266 36.6413013458252 0.37001646757125856
10600 18.528381729125975 36.82494430541992 0.27508288323879243
10700 18.90809440612793 37.40230026245117 0.2824519693851471
10800 18.564342498779297 36.90506248474121 0.30364378094673156
10900 19.30900344848633 37.91296157836914 0.2824911862611771
11000 18.482231521606444 36.65587730407715 0.2684175193309784
11100 19.09949951171875 38.1726318359375 0.284025177359581
11200 19.526224899291993 39.003170013427734 0.2886409819126129
11300 19.58406753540039 37.79620513916016 0.3106147825717926
11400 18.705903625488283 36.982459259033206 0.26537216603755953
11500 18.662487411499022 36.81076240539551 0.29206637740135194
11600 18.896900177001953 36.28499145507813 0.36255555748939516
11700 18.477001571655272 36.34191551208496 0.2876574695110321
11800 18.569117736816406 36.387397384643556 0.28125573694705963
11900 18.345037841796874 35.713055801391604 0.2523136377334595
12000 18.664828872680665 36.86163749694824 0.25139158964157104
12100 18.3251163482666 35.985822677612305 0.3263920068740845
12200 18.51018714904785 36.57948303222656 0.30705673098564146
12300 18.412605667114256 36.4796329498291 0.3006060183048248
12400 18.36141357421875 36.44681968688965 0.29483025670051577
12500 18.38069076538086 36.587908554077146 0.26592796146869657
12600 18.3595458984375 36.16452865600586 0.3072019755840302
12700 18.664181518554688 36.955292510986325 0.2945165514945984
12800 18.726060485839845 37.29508323669434 0.26990979313850405
12900 18.9770809173584 37.92257194519043 0.26568530797958373
13000 18.838407135009767 37.16697769165039 0.2686510354280472
13100 20.011556243896486 39.05387954711914 0.3978674113750458
13200 18.1312198638916 35.920036697387694 0.25347613394260404
13300 18.18391990661621 36.026654434204104 0.30218522548675536
13400 18.481557083129882 36.379357147216794 0.2658931344747543
13500 18.505562591552735 36.51710739135742 0.322209370136261
13600 17.980060577392578 35.82157669067383 0.26383180022239683
13700 17.86171684265137 35.26609230041504 0.3623351454734802
13800 18.530671691894533 36.51640396118164 0.3262601852416992
13900 18.17328872680664 36.313788986206056 0.2561208248138428
14000 18.619627380371092 35.81550559997559 0.2781370937824249
14100 19.036384201049806 37.49675941467285 0.29383404850959777
14200 18.142646408081056 35.84375648498535 0.33523191809654235
14300 17.994784545898437 35.88117942810059 0.2718659281730652
14400 17.88242835998535 35.16885528564453 0.27377869188785553
14500 18.123967742919923 35.99363746643066 0.2820253849029541
14600 18.016561126708986 35.404589080810545 0.2764338791370392
14700 19.337117385864257 37.90129356384277 0.27998692691326144
14800 18.046488952636718 35.60702362060547 0.26616092026233673
14900 17.421796989440917 34.46871109008789 0.2622752219438553
15000 18.311410903930664 36.04895095825195 0.30695365071296693
15100 18.18505973815918 36.15483627319336 0.30397131443023684
15200 17.643431091308592 34.780523681640624 0.25847128927707674
15300 18.061368560791017 36.00314445495606 0.2904035151004791
15400 18.115046310424805 36.070760345458986 0.29177188873291016
15500 18.46241149902344 36.4228702545166 0.3265812754631042
15600 18.08952522277832 35.780540466308594 0.28742087483406065
15700 18.53332405090332 36.82934036254883 0.2714165598154068
15800 18.09349479675293 36.04632720947266 0.261553755402565
15900 18.248940658569335 36.41599960327149 0.2800543636083603
16000 17.994465255737303 35.475446701049805 0.3233815908432007
16100 18.689582443237306 37.46611061096191 0.25946475863456725
16200 18.680352020263673 36.49484367370606 0.3351163327693939
16300 18.607766723632814 36.644612884521486 0.32074511647224424
16400 18.014023971557616 35.75276184082031 0.2890443503856659
16500 17.957193756103514 35.80981674194336 0.26821545958518983
16600 17.966632080078124 35.77895889282227 0.25875599682331085
16700 17.575535583496094 34.68602180480957 0.2653775244951248
16800 17.773062896728515 35.28841857910156 0.2900093138217926
16900 18.114605331420897 36.04107246398926 0.2537643015384674
17000 17.67656898498535 35.03839874267578 0.28544704914093016
17100 18.06352844238281 36.03996543884277 0.25846665501594546
17200 18.343873596191408 36.742173767089845 0.2648161470890045
17300 17.636238288879394 34.8454231262207 0.2550623446702957
17400 18.187811660766602 35.689889907836914 0.2646656185388565
17500 17.920686340332033 35.496717834472655 0.2664857774972916
17600 18.338280487060548 36.44048233032227 0.2738152951002121
17700 18.078296852111816 35.97342033386231 0.270070680975914
17800 19.175528717041015 37.70036163330078 0.3425486147403717
17900 18.177631759643553 36.190738677978516 0.3011646091938019
18000 17.886502265930176 35.62484016418457 0.24689072966575623
18100 17.917201614379884 35.06202011108398 0.3306669771671295
18200 18.284987258911134 36.357546997070315 0.2885744094848633
18300 18.515696716308593 36.57727203369141 0.3512145519256592
18400 18.390439605712892 35.7529541015625 0.33746565580368043
18500 17.658612060546876 35.24171829223633 0.2569124847650528
18600 17.6978271484375 35.31821708679199 0.25452775657176974
18700 17.69258346557617 35.21505012512207 0.26248671412467955
18800 17.795055389404297 34.97864189147949 0.34028236865997313
18900 18.717670059204103 37.032778930664065 0.26676525771617887
19000 18.274132537841798 36.71847763061523 0.2973199486732483
19100 17.9540958404541 35.57752151489258 0.27008900940418246
19200 17.993792724609374 35.620923614501955 0.2568672984838486
19300 18.00974006652832 35.755724334716795 0.29836214780807496
19400 17.59179573059082 35.077599334716794 0.2501164436340332
19500 18.097412490844725 36.167914962768556 0.25008875131607056
19600 17.790547180175782 35.47240219116211 0.2827087104320526
19700 18.621424865722656 36.785774612426756 0.32967238426208495
19800 17.90950927734375 35.35923843383789 0.27353854179382325
19900 17.73844470977783 35.03762702941894 0.34882174134254457
20000 17.839712142944336 35.21304702758789 0.25362874269485475
20100 17.90739326477051 35.43990936279297 0.3227070987224579
20200 18.060419464111327 35.95850105285645 0.32386964559555054
20300 17.180563545227052 34.23779487609863 0.2652944207191467
20400 18.465459060668945 36.46743812561035 0.3179610848426819
20500 18.36451301574707 36.15214576721191 0.3454329133033752
20600 18.67404670715332 36.783956909179686 0.25087233185768126
20700 17.73210391998291 35.19820365905762 0.29535471796989443
20800 17.77888240814209 34.74042930603027 0.40503608584403994
20900 17.459791946411134 34.80027618408203 0.27320265769958496
21000 18.320026016235353 35.27699661254883 0.4123003661632538
21100 18.025629425048827 35.66157112121582 0.2620680034160614
21200 17.640659141540528 34.80368843078613 0.2507365822792053
21300 17.20158805847168 34.20589904785156 0.24666244983673097
21400 17.578641510009767 34.83507652282715 0.25360813438892366
21500 18.563245010375976 36.65991439819336 0.2696600377559662
21600 17.92448310852051 35.495709609985354 0.2558565378189087
21700 18.298576736450194 36.23718070983887 0.29117750823497773
21800 17.50163154602051 35.02792892456055 0.27718491554260255
21900 17.66243095397949 34.60087432861328 0.3569332122802734
22000 18.15957908630371 36.09361038208008 0.25856487154960633
22100 18.275623321533203 36.4373722076416 0.27019509077072146
22200 17.687808990478516 34.98862419128418 0.3456285893917084
22300 17.679204750061036 34.80660781860352 0.284030956029892
22400 17.689136695861816 35.107635498046875 0.2537964642047882
22500 17.44325771331787 34.54419631958008 0.27066428363323214
22600 17.405286026000976 34.58298835754395 0.2516961574554443
22700 17.720229148864746 34.8430233001709 0.26940894722938535
22800 19.080394744873047 37.57181816101074 0.2969360053539276
22900 17.880669403076173 35.33363647460938 0.3335685610771179
23000 17.68297233581543 35.10086097717285 0.2709849625825882
23100 17.762697219848633 34.82948265075684 0.2646278768777847
23200 17.636707305908203 35.253129959106445 0.27939518690109255
23300 18.085756492614745 35.85836601257324 0.2763160437345505
23400 17.74639949798584 35.498297119140624 0.2817016184329987
23500 17.735730934143067 35.241180419921875 0.2521681487560272
23600 17.43416690826416 34.55048751831055 0.25911164879798887
23700 17.721425247192382 35.02616157531738 0.2650324791669846
23800 17.894243240356445 35.57659759521484 0.3632483184337616
23900 18.126349639892577 35.81253242492676 0.2557072460651398
24000 18.48195915222168 36.26965408325195 0.2744832098484039
24100 18.0506103515625 35.54492378234863 0.2590183883905411
24200 17.748520851135254 34.53978958129883 0.4259141206741333
24300 17.55491065979004 35.03553733825684 0.29076281785964964
24400 18.16759033203125 36.150424575805665 0.2580039441585541
24500 17.83779182434082 35.20678558349609 0.26922388672828673
24600 18.002340698242186 35.62301864624023 0.2539977043867111
24700 17.413465309143067 34.63761520385742 0.2472304582595825
24800 17.210695648193358 34.185081481933594 0.25091288089752195
24900 18.1246919631958 35.52869644165039 0.26205027997493746
25000 17.841138458251955 35.31613998413086 0.2544005781412125
25100 17.384088706970214 34.62717628479004 0.2578487157821655
25200 17.773259162902832 35.11901626586914 0.25661700665950776
25300 17.946514511108397 35.45094451904297 0.26563145220279694
25400 17.834873580932616 35.39239311218262 0.2992134392261505
25500 17.64828872680664 34.686493682861325 0.3237472057342529
25600 17.50507221221924 34.60317153930664 0.2537407487630844
25700 17.655786514282227 35.14804649353027 0.2685505896806717
25800 17.99729118347168 35.38927726745605 0.2525400310754776
25900 18.39931640625 36.27457466125488 0.37884618639945983
26000 17.78424816131592 35.70537223815918 0.2644448757171631
26100 17.3465145111084 34.4936710357666 0.2555531084537506
26200 17.959652137756347 35.6131591796875 0.28442845940589906
26300 18.06738567352295 35.648895263671875 0.2905148983001709
26400 17.481787490844727 34.433596801757815 0.33401637673377993
26500 18.449247360229492 36.4833984375 0.33814593553543093
26600 18.08572177886963 35.82140617370605 0.2809866279363632
26700 17.778816986083985 35.218418502807616 0.2611433297395706
26800 17.633287239074708 35.144903564453124 0.3051803171634674
26900 17.48182144165039 34.88429336547851 0.2807463228702545
27000 17.420763778686524 34.583085250854495 0.2513873875141144
27100 18.066402626037597 35.820450973510745 0.28264019787311556
27200 17.630532646179198 34.70882453918457 0.24348242580890656
27300 17.506242942810058 34.71797065734863 0.25090979039669037
27400 17.603186416625977 34.60366668701172 0.24488137066364288
27500 17.369927978515626 34.49256134033203 0.24784704446792602
27600 17.679625511169434 34.90838432312012 0.246595561504364
27700 17.847308731079103 35.248936080932616 0.3441335201263428
27800 17.483552169799804 34.91091766357422 0.27220978438854215
27900 17.38626823425293 34.39931297302246 0.27893943190574644
28000 18.78830451965332 37.63629493713379 0.277883842587471
28100 17.556303405761717 34.99874839782715 0.23896553814411164
28200 18.479677963256837 36.71578025817871 0.2544836521148682
28300 17.73129005432129 34.570363998413086 0.33644651174545287
28400 17.868874740600585 35.34590301513672 0.30023242235183717
28500 17.74722194671631 35.404506301879884 0.24444625675678253
28600 18.01607475280762 35.86027069091797 0.2491694986820221
28700 17.536176681518555 34.61724281311035 0.2519408106803894
28800 17.85159339904785 35.37585525512695 0.287825208902359
28900 18.314080429077148 35.89992485046387 0.30298128724098206
29000 18.44023017883301 36.796177291870116 0.29368125200271605
29100 18.42966957092285 36.143496704101565 0.3522097945213318
29200 18.0555850982666 35.671992492675784 0.28436429500579835
29300 18.369941329956056 36.23782806396484 0.35529372096061707
29400 17.34872970581055 34.437587356567384 0.24559231400489806
29500 17.853047561645507 35.628958511352536 0.28134905993938447
29600 18.092195129394533 35.908850479125974 0.27216067612171174
29700 18.205051803588866 36.06180648803711 0.2802830636501312
29800 17.634724426269532 34.95253715515137 0.25082390904426577
29900 17.144599533081056 33.74833335876465 0.283520245552063
30000 17.419096374511717 34.71599578857422 0.2622531563043594
30100 18.16501121520996 36.2331127166748 0.25986521542072294
30200 17.776901626586913 35.11370697021484 0.2835830569267273
30300 17.276960563659667 34.235905456542966 0.24950879514217378
30400 17.253622436523436 34.49890289306641 0.2606009542942047
30500 17.48150806427002 34.41078224182129 0.2590110689401627
30600 17.856420516967773 35.038455200195315 0.3539844036102295
30700 17.525302124023437 35.17789268493652 0.2793606698513031
30800 17.9101261138916 35.45441665649414 0.26480014622211456
30900 17.938318252563477 35.50186996459961 0.2442428082227707
31000 18.233738899230957 36.517893600463864 0.25608478486537933
31100 19.63164710998535 38.70603942871094 0.24474427998065948
31200 17.307510375976562 34.64732666015625 0.28170340061187743
31300 17.882601928710937 35.47252578735352 0.3027268469333649
31400 17.48409824371338 34.49039573669434 0.26953902244567873
31500 17.40335807800293 34.673527526855466 0.2413591593503952
31600 17.609466552734375 34.72195930480957 0.3532007336616516
31700 17.420752906799315 34.5382495880127 0.25012490451335906
31800 17.797834587097167 35.293192291259764 0.24549450874328613
31900 17.83934669494629 35.5732780456543 0.2625521540641785
32000 17.544754600524904 35.016841125488284 0.2539891302585602
32100 17.44785556793213 34.54784088134765 0.28808956146240233
32200 17.83141632080078 35.35633163452148 0.29122671484947205
32300 17.27618408203125 34.377231216430665 0.26040822863578794
32400 17.890135192871092 35.6980712890625 0.26704238951206205
32500 17.80126533508301 35.33178443908692 0.2612034320831299
32600 17.851167297363283 35.305693817138675 0.2542995035648346
32700 18.21169967651367 36.246141815185545 0.26366173624992373
32800 17.645122909545897 35.146948623657224 0.26302914321422577
32900 17.833036422729492 35.67593002319336 0.2496628373861313
33000 17.69819622039795 35.159020614624026 0.28078622817993165
33100 18.25378875732422 36.68026428222656 0.26308088600635526
33200 17.618344116210938 34.8684024810791 0.23800257742404937
33300 17.361186027526855 34.64714584350586 0.2670150548219681
33400 18.13312873840332 36.04619598388672 0.2532682031393051
33500 17.623845481872557 35.38341598510742 0.24962393939495087
33600 17.474207878112793 34.919137954711914 0.2553162187337875
33700 17.66363525390625 34.943650817871095 0.26856437623500823
33800 17.832826232910158 35.50394821166992 0.26077561974525454
33900 18.87476806640625 37.5679126739502 0.2839743673801422
34000 17.57060661315918 34.997571563720705 0.245363649725914
34100 17.82024383544922 35.32214012145996 0.2808274269104004
34200 17.475259399414064 34.47782897949219 0.27374950647354124
34300 18.275648880004884 36.58110733032227 0.262288311123848
34400 17.727918243408205 35.18729782104492 0.2976373553276062
34500 17.823662185668944 35.31968803405762 0.31731188893318174
34600 17.91836814880371 35.76624526977539 0.25461476743221284
34700 17.313900184631347 34.57903861999512 0.2578677624464035
34800 17.679583740234374 35.030324935913086 0.2951330840587616
34900 17.447786331176758 34.70618095397949 0.2777611255645752
35000 17.66626968383789 35.037435913085936 0.3078550219535828
35100 17.79732265472412 35.46749038696289 0.27178061604499815
35200 17.932177352905274 35.064501953125 0.3021404087543488
35300 17.380591201782227 34.69844856262207 0.24508126378059386
35400 17.623267936706544 35.49429435729981 0.29704415798187256
35500 17.618633460998534 35.06968307495117 0.2651971191167831
35600 17.225414657592772 34.30888366699219 0.2971144199371338
35700 17.655261993408203 35.10712203979492 0.2550720602273941
35800 17.295641708374024 34.46151351928711 0.2625139683485031
35900 17.96442070007324 35.230285263061525 0.24382095634937287
36000 18.107178115844725 35.65919418334961 0.24057502448558807
36100 17.521632194519043 34.27533187866211 0.3553673565387726
36200 17.1962947845459 34.212670135498044 0.24254916608333588
36300 17.923632431030274 35.97657852172851 0.24807038009166718
36400 18.483484268188477 37.07735939025879 0.251964670419693
36500 17.879168701171874 35.46015167236328 0.2510616570711136
36600 17.657692909240723 35.35644760131836 0.2621343284845352
36700 17.391488075256348 34.31591453552246 0.25113764107227327
36800 17.935812377929686 35.37736511230469 0.31518527269363406
36900 17.767918395996094 35.257502746582034 0.27142709493637085
37000 17.354737281799316 34.30006408691406 0.3068364322185516
37100 17.86003875732422 35.47252159118652 0.30226831436157225
37200 17.373530387878418 34.29683227539063 0.2908661186695099
37300 17.130617141723633 34.1604190826416 0.24554438889026642
37400 17.411114501953126 34.61292724609375 0.3012584149837494
37500 17.829203414916993 35.64436836242676 0.27293901741504667
37600 17.730367279052736 35.445752716064455 0.2988413095474243
37700 17.475531387329102 34.55632133483887 0.3101039886474609
37800 17.975034332275392 35.78429832458496 0.29810781478881837
37900 17.39338073730469 34.733634567260744 0.28126842975616456
38000 17.661846160888672 35.2777042388916 0.25033344328403473
38100 17.364757537841797 34.5786750793457 0.2433887243270874
38200 18.356750869750975 36.469682693481445 0.3002064645290375
38300 19.67354965209961 39.362596893310545 0.26364732086658477
38400 18.49501152038574 36.55601348876953 0.24914644956588744
38500 17.490240478515624 34.65277938842773 0.27714992463588717
38600 17.756846237182618 35.28455581665039 0.25977849066257475
38700 17.28176975250244 34.453173828125 0.28910136222839355
38800 17.60883674621582 34.99557762145996 0.25198574364185333
38900 17.491633796691893 35.09407196044922 0.25857025384902954
39000 17.762184143066406 35.435224533081055 0.2461026430130005
39100 17.67758903503418 35.051856994628906 0.24739197194576262
39200 17.62020606994629 35.259070587158206 0.24339424073696136
39300 17.76168785095215 35.53303756713867 0.25437858402729036
39400 17.44295310974121 34.60448455810547 0.2613303631544113
39500 17.392780303955078 34.80869750976562 0.23674575984477997
39600 17.313998985290528 34.31319046020508 0.2375965893268585
