100 46.06668243408203 96.3079818725586 0.780683183670044
200 40.0737548828125 85.84950408935546 0.5652962684631347
300 37.10853652954101 77.66691741943359 0.4715318143367767
400 30.73442153930664 63.615702056884764 0.6104488253593445
500 31.965006256103514 65.32762069702149 0.6996548533439636
600 30.18118667602539 60.70443420410156 0.5899264454841614
700 29.090703201293945 57.653978729248045 0.7962395668029785
800 27.942072677612305 56.645196533203126 0.3950741350650787
900 26.997250366210938 54.71874847412109 0.38417100310325625
1000 27.597077941894533 55.00792770385742 0.501812082529068
1100 26.698806762695312 51.214578247070314 0.6703512310981751
1200 24.545049285888673 46.8367431640625 0.6669015407562255
1300 26.39857406616211 50.335791778564456 0.4443005383014679
1400 24.753341674804688 47.81514129638672 0.46794210076332093
1500 23.862459564208983 46.27977447509765 0.38105502128601076
1600 23.412677383422853 45.089508819580075 0.46952285766601565
1700 23.353581619262695 45.420362091064455 0.3837004125118256
1800 24.068961715698244 46.75684661865235 0.4062329888343811
1900 22.493128967285156 43.199483489990236 0.32829713821411133
2000 22.588081741333006 43.848375701904295 0.39562122225761415
2100 23.44976463317871 45.33146438598633 0.3215343713760376
2200 22.726482009887697 43.959346008300784 0.37059181928634644
2300 21.754307556152344 41.88685989379883 0.5204580962657929
2400 21.760166549682616 41.81683883666992 0.5038590908050538
2500 22.21866111755371 42.76420593261719 0.3803806185722351
2600 22.197428131103514 43.152587890625 0.4001017689704895
2700 21.262103271484374 41.212877655029295 0.2999174416065216
2800 21.79568748474121 42.677850341796876 0.3377706468105316
2900 21.665407562255858 41.42826919555664 0.54774090051651
3000 21.250057983398438 41.46692428588867 0.48126280307769775
3100 20.806887817382812 40.68125 0.3642426609992981
3200 21.068725204467775 41.48428115844727 0.35537958741188047
3300 20.796324920654296 40.53422317504883 0.313044935464859
3400 20.88276901245117 41.013543701171876 0.34980887174606323
3500 20.45281639099121 40.03398818969727 0.36739327311515807
3600 20.291001892089845 39.58077850341797 0.30628960132598876
3700 20.305550003051756 39.00949554443359 0.29915942549705504
3800 20.35369873046875 39.924712371826175 0.3267542958259583
3900 20.216604232788086 39.54697265625 0.28191657066345216
4000 20.867926788330077 40.860189819335936 0.4290703237056732
4100 20.45835609436035 40.196817779541014 0.28843624591827394
4200 19.974906539916994 39.23905029296875 0.2952060401439667
4300 20.209175872802735 39.55690689086914 0.37806442379951477
4400 19.908399200439455 38.691507720947264 0.3793608248233795
4500 21.38616180419922 42.50859832763672 0.31491418480873107
4600 19.84714126586914 38.65895004272461 0.4404959201812744
4700 19.861386108398438 38.76492767333984 0.2938783705234528
4800 19.48359794616699 38.43818740844726 0.3033864676952362
4900 19.809071731567382 39.0948600769043 0.2833468794822693
5000 19.56456642150879 38.291395568847655 0.31319995522499083
5100 19.325520324707032 38.1954849243164 0.30085183382034303
5200 19.544135284423827 38.365197372436526 0.2974186301231384
5300 19.220442962646484 37.81020317077637 0.36622437834739685
5400 19.692159271240236 39.09604415893555 0.34035285711288454
5500 19.86422462463379 39.2550651550293 0.28787004947662354
5600 18.863776397705077 37.29724311828613 0.2802499085664749
5700 19.200596618652344 38.207479095458986 0.3024498879909515
5800 19.24242744445801 37.60707092285156 0.39514918327331544
5900 19.66051368713379 38.2970474243164 0.4411435902118683
6000 19.722703170776366 38.65367202758789 0.30324128866195676
6100 20.123275756835938 39.4150749206543 0.28211511969566344
6200 18.94533042907715 36.77896156311035 0.45482008457183837
6300 18.998139572143554 38.046826171875 0.29005942940711976
6400 20.723482513427733 40.89938507080078 0.36079617738723757
6500 19.23321075439453 38.41653900146484 0.335978364944458
6600 18.647148895263673 36.92344970703125 0.2921173095703125
6700 19.009203720092774 37.96942825317383 0.28123521208763125
6800 18.688113021850587 36.770534133911134 0.2746868431568146
6900 18.744347763061523 37.1727409362793 0.2708478391170502
7000 18.651656723022462 36.66433563232422 0.30167887806892396
7100 18.205873107910158 36.35834655761719 0.2713684499263763
7200 19.525520706176756 38.17271385192871 0.26237550377845764
7300 18.53823318481445 36.824043655395506 0.2527237594127655
7400 19.01061096191406 37.68704719543457 0.2699992686510086
7500 18.813816833496094 37.743004608154294 0.27777371406555174
7600 18.615402221679688 36.56533279418945 0.361307829618454
7700 18.909831619262697 37.09910011291504 0.3318775773048401
7800 18.656340408325196 36.66675491333008 0.38573174476623534
7900 19.013685607910155 38.00909576416016 0.2678156912326813
8000 19.07555046081543 37.8595573425293 0.3946471929550171
8100 19.029795837402343 37.487979125976565 0.37644224166870116
8200 19.610496520996094 39.01825103759766 0.3407965302467346
8300 18.71675796508789 36.514094543457034 0.4489953637123108
8400 18.477539825439454 36.22237434387207 0.425368332862854
8500 19.12494239807129 37.97947616577149 0.37132052183151243
8600 18.944873046875 36.3808479309082 0.5134834706783294
8700 18.54288673400879 36.88956184387207 0.3367127597332001
8800 18.472663116455077 36.73422355651856 0.2947218894958496
8900 19.013073348999022 37.12752265930176 0.31746781468391416
9000 18.447439193725586 36.53796501159668 0.36151620745658875
9100 18.829755783081055 36.6766658782959 0.4309298098087311
9200 18.431951904296874 36.47806282043457 0.30056954026222227
9300 18.400329971313475 36.72794609069824 0.3106736898422241
9400 18.428427124023436 36.36753807067871 0.3057545006275177
9500 18.046604919433594 35.751987075805665 0.256621915102005
9600 18.579875564575197 37.04441375732422 0.26277529299259184
9700 18.699130249023437 37.341048049926755 0.2832849085330963
9800 18.485015869140625 36.800680541992186 0.312267929315567
9900 18.768590927124023 36.96477088928223 0.30085280537605286
10000 18.063439559936523 36.10870552062988 0.3264673829078674
10100 18.469205474853517 36.305121994018556 0.26785602867603303
10200 18.516801834106445 36.75887947082519 0.31962053179740907
10300 18.12902946472168 35.9959358215332 0.3493242025375366
10400 18.159709930419922 36.28358764648438 0.2569423973560333
10500 18.119340896606445 36.046014404296876 0.28633823394775393
10600 18.223324584960938 36.493573379516604 0.33541131019592285
10700 18.46423759460449 36.94546241760254 0.25886190235614776
10800 18.642536544799803 36.99160575866699 0.30150052309036257
10900 18.786587142944335 37.23275718688965 0.26993250846862793
11000 18.317414474487304 36.54800796508789 0.3116982400417328
11100 18.465655517578124 36.65143051147461 0.3700062036514282
11200 18.82624626159668 37.667598724365234 0.26204889714717866
11300 18.481612777709962 36.98446540832519 0.27341107130050657
11400 18.345767211914062 35.95371551513672 0.4389231264591217
11500 18.230636215209962 35.90498504638672 0.2714300602674484
11600 18.29245719909668 37.00172004699707 0.25717533230781553
11700 18.282041931152342 36.342498779296875 0.364159083366394
11800 18.21979522705078 36.37774658203125 0.3262686014175415
11900 18.16895751953125 36.05589485168457 0.25133216381073
12000 18.279815673828125 36.036509323120114 0.25413224697113035
12100 18.179097747802736 35.86586456298828 0.2503358036279678
12200 18.236897659301757 36.5101261138916 0.2541233003139496
12300 18.306912994384767 35.89545249938965 0.3822149634361267
12400 18.486340713500976 36.58523063659668 0.3997545063495636
12500 17.756441116333008 35.634163284301756 0.24833596348762513
12600 18.146601104736327 36.31303024291992 0.29738521575927734
12700 18.727361297607423 37.374664306640625 0.3061601519584656
12800 17.92574272155762 35.8327823638916 0.26080526411533356
12900 18.473043060302736 37.34196128845215 0.25682790875434874
13000 18.314730072021483 36.30261383056641 0.34768891930580137
13100 18.059968185424804 36.05415153503418 0.3397792041301727
13200 18.38678398132324 36.54641418457031 0.2870955228805542
13300 17.911753463745118 35.336204528808594 0.39563954472541807
13400 17.864299964904784 35.53844108581543 0.3445234656333923
13500 17.942216682434083 35.67990570068359 0.3599487841129303
13600 18.292790985107423 36.328669738769534 0.2502231538295746
13700 18.28563232421875 36.05171165466309 0.24660902321338654
13800 17.715081405639648 35.78781356811523 0.2518168091773987
13900 18.787307739257812 36.336185455322266 0.3022252082824707
14000 17.641273498535156 35.47915458679199 0.2573120087385178
14100 18.172343444824218 36.270425415039064 0.3219536244869232
14200 18.242115020751953 36.417158126831055 0.27338545918464663
14300 17.751016235351564 35.59382438659668 0.29379293918609617
14400 17.59783229827881 35.178982162475585 0.25351678729057314
14500 17.9060848236084 35.767222213745114 0.26326686441898345
14600 18.494387817382812 37.205940628051756 0.3319037675857544
14700 18.23489990234375 36.426164627075195 0.2563591539859772
14800 17.656585121154784 35.662451934814456 0.27390619516372683
14900 17.984492111206055 36.3025089263916 0.24974212646484376
15000 17.756028175354004 35.51890602111816 0.24717448949813842
15100 17.9296012878418 35.75622482299805 0.24907608926296235
15200 18.148482513427734 36.54288940429687 0.3012285351753235
15300 17.944208908081055 35.85080146789551 0.27680044770240786
15400 17.782645797729494 35.47719230651855 0.26927031874656676
15500 17.60951747894287 35.45213279724121 0.24474496245384217
15600 17.84879779815674 35.5366928100586 0.2514854848384857
15700 17.628332328796386 35.35458679199219 0.28369462490081787
15800 18.734829711914063 38.05333786010742 0.2829571932554245
15900 18.116800117492676 35.88182601928711 0.369721120595932
16000 18.27963180541992 36.804562377929685 0.3085678815841675
16100 17.92532844543457 36.09544067382812 0.2528536468744278
16200 17.711361694335938 35.19214706420898 0.328103119134903
16300 17.912336349487305 35.90767059326172 0.2678558796644211
16400 18.015656089782716 36.09491958618164 0.27401497960090637
16500 17.86210060119629 35.439094924926756 0.2542342275381088
16600 18.82327651977539 37.359724807739255 0.35374411940574646
16700 17.908805274963377 35.89767150878906 0.29182085394859314
16800 18.008613777160644 35.95712509155273 0.31521223187446595
16900 17.967024993896484 36.15532112121582 0.26003392934799197
17000 17.32998867034912 34.5443660736084 0.2709577888250351
17100 17.758097839355468 35.65723495483398 0.26632754504680634
17200 18.05275955200195 36.05728034973144 0.26943247616291044
17300 17.740501594543456 35.219597244262694 0.30846916437149047
17400 18.426213836669923 36.32374877929688 0.41847353577613833
17500 17.73850746154785 35.465873336791994 0.2755809485912323
17600 17.606515312194823 35.34546318054199 0.24358585178852082
17700 17.92502670288086 36.14136238098145 0.2508304536342621
17800 17.61193084716797 35.35765151977539 0.2598558485507965
17900 17.623521995544433 35.13017959594727 0.279016324877739
18000 17.816064453125 35.919112014770505 0.24750053882598877
18100 17.747068023681642 35.4530330657959 0.29622930884361265
18200 17.754740142822264 35.2805290222168 0.25731111168861387
18300 17.910829925537108 36.26174621582031 0.2564737141132355
18400 18.046045303344727 35.907083892822264 0.27685828804969786
18500 17.40797576904297 34.6306453704834 0.34008845686912537
18600 18.286304473876953 36.26036376953125 0.4022507667541504
18700 17.82903919219971 35.192277145385745 0.2451639711856842
18800 17.818700790405273 35.97726325988769 0.24549780189990997
18900 17.76688232421875 35.18375816345215 0.2843963593244553
19000 17.471570014953613 34.966546630859376 0.24351228773593903
19100 18.68477592468262 37.17129211425781 0.33726627230644224
19200 17.43655891418457 34.90023918151856 0.24870284497737885
19300 17.712734413146972 35.58043746948242 0.2605572402477264
19400 17.74552803039551 35.45788841247558 0.3032238602638245
19500 18.136942672729493 36.71359214782715 0.2702667862176895
19600 17.46922912597656 34.715060806274415 0.29845876693725587
19700 17.714078903198242 35.29656448364258 0.35209801197052004
19800 17.73395652770996 34.86168937683105 0.38061566948890685
19900 17.532934379577636 35.06405830383301 0.269926992058754
20000 18.02000732421875 36.27284317016601 0.25531119108200073
20100 17.41051254272461 34.81890449523926 0.3006046891212463
20200 17.902473068237306 36.22582015991211 0.24342492818832398
20300 17.512491607666014 35.05283966064453 0.24745493829250337
20400 17.98148880004883 35.59269371032715 0.2897018253803253
20500 17.616635131835938 35.46940689086914 0.25039222240448
20600 18.000430297851562 35.49306716918945 0.3687427997589111
20700 17.433195304870605 35.29323310852051 0.25689377188682555
20800 17.764138412475585 35.77776336669922 0.2697802484035492
20900 17.290182495117186 34.68371849060058 0.24870276153087617
21000 17.40944595336914 34.681322479248045 0.24683075547218322
21100 17.961776733398438 36.00608177185059 0.24838488698005676
21200 17.948843955993652 35.72889251708985 0.27321783602237704
21300 17.528533744812012 34.969886779785156 0.2426415890455246
21400 17.745909881591796 34.904278945922854 0.2575586140155792
21500 17.6265230178833 35.756493759155276 0.26673221588134766
21600 17.365292167663576 34.66533584594727 0.2622354120016098
21700 17.35881690979004 34.97494201660156 0.27408174574375155
21800 17.44471607208252 34.958374404907225 0.26205113530158997
21900 17.896330261230467 35.92010917663574 0.24447625875473022
22000 17.3489990234375 34.61737403869629 0.2637488216161728
22100 17.950664138793947 35.572557830810545 0.2656779706478119
22200 17.317641830444337 34.75084190368652 0.25136562883853913
22300 17.691114044189455 34.801282501220705 0.24828886091709138
22400 17.6013973236084 35.29647979736328 0.24696132838726043
22500 17.52865695953369 34.98100128173828 0.2586516946554184
22600 17.433262062072753 34.77709045410156 0.3448760867118835
22700 17.819369888305665 35.68779373168945 0.32289970517158506
22800 17.66994743347168 35.70019874572754 0.2544373244047165
22900 17.30141201019287 34.88061256408692 0.258083364367485
23000 17.353159523010255 34.81976661682129 0.25668608844280244
23100 17.320643424987793 34.55850410461426 0.32076892256736755
23200 17.873192977905273 36.09006614685059 0.2720470607280731
23300 17.508347511291504 35.0407772064209 0.25145677030086516
23400 17.49003734588623 34.795053482055664 0.3103202521800995
23500 17.707736206054687 35.27758445739746 0.3153958559036255
23600 17.376387786865234 34.594265365600585 0.30007476806640626
23700 17.633920669555664 35.29611473083496 0.32954335808753965
23800 17.67209358215332 35.05343017578125 0.3509263813495636
23900 17.395147705078124 35.01949462890625 0.2796609401702881
24000 17.8295841217041 35.671335220336914 0.30686225891113283
24100 17.864093780517578 35.61880722045898 0.3687645733356476
24200 17.58704776763916 34.98481559753418 0.3487493395805359
24300 17.93043098449707 35.16503791809082 0.332515275478363
24400 17.4516263961792 34.75539131164551 0.27170880436897277
24500 17.62862434387207 35.157375717163085 0.27022106647491456
24600 17.39448947906494 34.653089141845705 0.3200377821922302
24700 17.129447174072265 34.1824089050293 0.25227844417095185
24800 17.386316108703614 34.946774291992185 0.28568933010101316
24900 18.022389602661132 36.19282608032226 0.24074746072292327
25000 17.25765914916992 34.588029098510745 0.2616721332073212
25100 17.389179229736328 34.798933029174805 0.24936863780021667
25200 17.759420013427736 35.15772552490235 0.34140204191207885
25300 17.37624340057373 34.83140907287598 0.2722789704799652
25400 17.557912063598632 35.36425895690918 0.24798669219017028
25500 17.757336044311522 35.305494689941405 0.3643258810043335
25600 17.49038734436035 35.17260513305664 0.2888973534107208
25700 17.50615062713623 34.916068649291994 0.2525910913944244
25800 17.510770416259767 34.58672409057617 0.38008301258087157
25900 17.540014839172365 35.01383819580078 0.2588844418525696
26000 17.739215469360353 35.53817977905273 0.2775321751832962
26100 17.72989387512207 35.29104309082031 0.28076037764549255
26200 17.446390914916993 34.569338989257815 0.3377400040626526
26300 17.362003326416016 34.65727767944336 0.2538497596979141
26400 17.52748374938965 35.11683654785156 0.2487737387418747
26500 17.583671379089356 34.91574974060059 0.24936643242835999
26600 17.607549476623536 35.61630554199219 0.2538625478744507
26700 17.77339267730713 35.61247367858887 0.2695247530937195
26800 17.548442840576172 35.20569763183594 0.2578570246696472
26900 17.52811470031738 35.351779556274415 0.29025057554244993
27000 17.572943496704102 35.244353485107425 0.2601472735404968
27100 17.534177207946776 35.25102424621582 0.28257250785827637
27200 17.38367118835449 35.08070755004883 0.27683219611644744
27300 17.503749275207518 34.997321701049806 0.2737561106681824
27400 17.40673484802246 34.85176010131836 0.2587030857801437
27500 17.43012390136719 34.726586151123044 0.2934222161769867
27600 17.377399253845216 34.87156715393066 0.2597703993320465
27700 17.82367286682129 35.67771949768066 0.3419324576854706
27800 17.27093925476074 34.56636619567871 0.2665091544389725
27900 17.361430740356447 34.68225021362305 0.2546590894460678
28000 17.57234001159668 35.32282829284668 0.24925226867198944
28100 17.323050498962402 34.77252044677734 0.26768943667411804
28200 17.893889236450196 36.405889892578124 0.24924549460411072
28300 17.778308868408203 35.27846488952637 0.2678904622793198
28400 17.466064643859863 34.811104965209964 0.3372613251209259
28500 17.308949279785157 34.833095169067384 0.2569837212562561
28600 17.404300880432128 35.11130332946777 0.24436064064502716
28700 17.97064208984375 35.603276062011716 0.30690547823905945
28800 17.559641456604005 35.55507316589355 0.2554801642894745
28900 17.73549919128418 35.28132019042969 0.26283515989780426
29000 17.71536331176758 35.48656539916992 0.29679850339889524
29100 17.468209266662598 35.15563468933105 0.24930654168128968
29200 17.338797950744627 35.02402877807617 0.23771865367889405
29300 17.687539100646973 35.51996078491211 0.2919625997543335
29400 17.326330375671386 34.85401725769043 0.27814437448978424
29500 17.19550266265869 34.41542549133301 0.29996880888938904
29600 17.373238945007323 35.25996208190918 0.24074276387691498
29700 17.366321563720703 34.915818786621095 0.2551968604326248
29800 17.30280647277832 34.81208953857422 0.2414477437734604
29900 17.678125381469727 35.60542793273926 0.2662811666727066
30000 17.828173446655274 35.654283905029295 0.2813468039035797
30100 17.56400375366211 34.94972457885742 0.3341266870498657
30200 17.205183601379396 34.372060775756836 0.24350337982177733
30300 17.423225593566894 35.081271743774415 0.2643685042858124
30400 17.304724502563477 35.16287727355957 0.24144600033760072
30500 17.122499084472658 34.3741641998291 0.2824837863445282
30600 17.737275314331054 35.71017723083496 0.24209352433681489
30700 17.312715911865233 35.092476272583006 0.2728095293045044
30800 17.708286094665528 35.70370788574219 0.25011977553367615
30900 17.213716316223145 34.71560859680176 0.27854700684547423
31000 17.496146774291994 35.13741912841797 0.23548713326454163
31100 17.67375659942627 35.608828735351565 0.29214915037155154
31200 17.621693229675294 35.60134620666504 0.27091237902641296
31300 17.523811912536623 34.681386184692386 0.2671919822692871
31400 17.52740135192871 35.15462112426758 0.28427152037620546
31500 17.432048416137697 34.82577781677246 0.24177046716213227
31600 17.619181823730468 34.98966903686524 0.2380268394947052
31700 18.125326919555665 36.10451164245605 0.3406989097595215
31800 17.44884510040283 35.15550994873047 0.2536236226558685
31900 17.387347793579103 34.72456436157226 0.2870624601840973
32000 17.327916145324707 34.962882614135744 0.25731619000434874
32100 17.643923187255858 35.63665084838867 0.2517694741487503
32200 17.46957893371582 35.52166061401367 0.24557839035987855
32300 17.2117561340332 34.57926025390625 0.2695633679628372
32400 17.405599784851074 35.05676155090332 0.2504901707172394
32500 17.354051971435545 34.96777763366699 0.30156965255737306
32600 18.00171012878418 36.46715087890625 0.28495689630508425
32700 17.447961807250977 35.1568790435791 0.2587062418460846
32800 17.487071800231934 35.04402465820313 0.27663964629173277
32900 17.594920921325684 35.15868148803711 0.3172376215457916
33000 17.465821838378908 35.07090072631836 0.24706785380840302
33100 17.331652069091795 34.886248397827146 0.28390485644340513
33200 17.516277313232422 35.39114837646484 0.25443204343318937
33300 17.461175155639648 35.29003257751465 0.24980217218399048
33400 17.52151584625244 35.201859664916995 0.2547831028699875
33500 17.313529205322265 34.779387664794925 0.2661600708961487
33600 17.43431854248047 35.14136505126953 0.3196331083774567
33700 17.264239501953124 34.62710456848144 0.2533328622579575
33800 17.261533164978026 34.53213119506836 0.2664596438407898
33900 17.543461990356445 35.22029914855957 0.2472234398126602
34000 17.782618904113768 36.063768768310545 0.27087209224700926
34100 17.530179595947267 35.58198127746582 0.2418029338121414
34200 17.632707023620604 35.5870662689209 0.24281130135059356
34300 17.835784912109375 36.08797340393066 0.2606769919395447
34400 17.73129234313965 35.082289123535155 0.38981521129608154
34500 17.177388000488282 34.67300643920898 0.24263062477111816
34600 17.488432312011717 35.37033309936523 0.24829771220684052
34700 17.45960464477539 35.07940940856933 0.26492862701416015
34800 17.325128936767577 34.81029930114746 0.24093979895114898
34900 17.273928260803224 34.99343757629394 0.2772741079330444
35000 17.485602378845215 34.88758773803711 0.34687811732292173
35100 17.347514152526855 35.048326873779295 0.286544543504715
35200 17.352756690979003 34.984518432617186 0.2758136510848999
35300 17.24999370574951 34.690900802612305 0.24010683298110963
35400 17.20923271179199 34.48491859436035 0.26359941959381106
35500 17.39860420227051 34.821356201171874 0.24326524436473845
35600 17.425311279296874 35.10877113342285 0.26682925820350645
35700 17.331927871704103 35.08906364440918 0.24271833300590515
35800 17.580539321899415 35.57856636047363 0.2455864816904068
35900 17.65319404602051 35.61597175598145 0.24804297983646392
36000 17.79842872619629 36.156856536865234 0.24927787780761718
36100 17.498299598693848 35.07548027038574 0.2573780357837677
36200 17.44640197753906 35.16463432312012 0.3124721825122833
36300 17.45188751220703 35.19785118103027 0.2545518010854721
36400 17.344675254821777 34.930481338500975 0.2507026821374893
36500 17.293646621704102 35.031521224975585 0.2668603628873825
36600 17.247552490234376 34.61574020385742 0.2455014169216156
36700 17.378117179870607 35.148321533203124 0.24389891922473908
36800 17.89447479248047 35.18759880065918 0.25760023295879364
36900 17.644262504577636 35.18020744323731 0.2819329559803009
37000 17.40419158935547 34.582092666625975 0.3315645456314087
37100 17.201583480834962 34.49528465270996 0.2870771765708923
37200 17.211439514160155 34.6136058807373 0.23768096268177033
37300 17.25290470123291 34.81309623718262 0.23860047459602357
37400 17.409798431396485 35.03152656555176 0.25327487885951994
37500 17.52659339904785 35.74600257873535 0.2749939143657684
37600 17.562654304504395 35.618581771850586 0.24386192858219147
37700 17.35902500152588 35.38315200805664 0.24959802031517028
37800 17.361513137817383 34.71095199584961 0.2418268382549286
37900 17.57425537109375 35.25184669494629 0.24810297191143035
38000 17.472766876220703 35.25881729125977 0.2641147762537003
38100 17.677835845947264 35.49585151672363 0.2700918078422546
38200 17.531343841552733 35.161502838134766 0.27344015538692473
38300 17.149425506591797 34.44359436035156 0.24606454074382783
38400 17.34843521118164 34.691839599609374 0.31603296399116515
38500 17.247269439697266 34.940277862548825 0.25016326904296876
38600 17.47904815673828 35.35379524230957 0.2402619183063507
38700 17.254223251342772 34.844116592407225 0.27559295296669006
38800 17.731637954711914 35.91882438659668 0.2766832262277603
38900 17.44031810760498 35.11251983642578 0.242389515042305
39000 17.284525299072264 34.95202522277832 0.24409951865673066
39100 17.209915542602538 34.63293609619141 0.27327634394168854
39200 17.314402389526368 34.98596878051758 0.2402493417263031
39300 17.510310935974122 35.45938415527344 0.25527110397815705
39400 17.71386375427246 35.872962188720706 0.25609976053237915
39500 17.63089942932129 35.77087593078613 0.256813645362854
39600 17.331241798400878 34.70831718444824 0.24749888777732848
39700 17.374883079528807 34.89688301086426 0.24569388031959533
39800 17.658682823181152 35.02106246948242 0.2717062383890152
39900 17.1672212600708 34.589312362670896 0.23963232040405275
40000 17.2059383392334 34.79427375793457 0.281269246339798
40100 17.359820747375487 34.9707706451416 0.2373287111520767
40200 17.472402381896973 35.537807083129884 0.24742567539215088
40300 17.205394554138184 34.74198913574219 0.26487903892993925
40400 17.36297740936279 34.98380889892578 0.2881745994091034
40500 17.15178985595703 34.35255737304688 0.24203677475452423
40600 17.35116500854492 34.76808204650879 0.2733745098114014
40700 17.295073318481446 34.451668930053714 0.3120368003845215
40800 17.105248069763185 34.429358291625974 0.2698232889175415
40900 17.723342514038087 35.975895690917966 0.259976926445961
41000 17.14781551361084 34.38326644897461 0.24667227268218994
41100 17.560998725891114 35.35143623352051 0.2568675845861435
41200 17.527642822265626 35.294746780395506 0.25065975189208983
41300 17.317926025390626 34.93764991760254 0.28233742415905
41400 17.554497909545898 34.842888259887694 0.268897220492363
41500 17.360809898376466 35.163706588745114 0.2436143785715103
41600 17.133996200561523 34.69069595336914 0.2594809740781784
41700 17.55596179962158 35.526058959960935 0.2469137042760849
41800 17.144796562194824 34.24679336547852 0.26311100721359254
41900 17.083424377441407 34.40115966796875 0.24048576951026918
42000 17.35666427612305 35.168439102172854 0.2418215036392212
42100 17.6056396484375 34.96159362792969 0.2598826736211777
42200 17.503810310363768 35.6110782623291 0.24600008130073547
42300 17.352916526794434 35.05493431091308 0.25386376976966857
42400 17.36239585876465 34.875915908813475 0.2631183683872223
42500 17.536388397216797 35.48334007263183 0.25270073413848876
42600 17.299021911621093 35.01553535461426 0.26099313199520113
42700 17.302309417724608 34.712589263916016 0.2346645176410675
42800 17.509463691711424 35.125345611572264 0.3125967800617218
42900 17.448111724853515 35.14370613098144 0.24507644772529602
43000 17.222735023498537 34.46397705078125 0.31238828897476195
43100 17.241330718994142 34.83137512207031 0.25323617160320283
43200 17.702494430541993 35.57388000488281 0.26243109405040743
