1 9.403552726463035 12.497616423500908 0.28433579661779934
2 5.373808829872696 8.938944710625542 0.1991249169740412
3 5.134806050194634 8.458257057048657 0.12411603476438257
4 4.859790060255262 8.146510256661308 0.13515812600100482
5 5.062600720811774 8.04349790679084 0.14933108055481203
6 4.805028500380339 7.602616628011067 0.1401124650405513
7 4.290948971554085 7.334764696933605 0.1384563228736321
8 5.536863344687003 8.746287478340996 0.13747729416246768
9 4.594545125961304 7.786998938631128 0.11620461043936235
10 4.505692005157471 7.652374660527265 0.12092797823802189
11 4.159376230504778 7.197305131841589 0.12247957689342676
12 3.9794393292179815 7.205038931634691 0.11231856717279663
13 3.89321588145362 7.172032223807441 0.10680994046507059
14 4.420039960631618 7.167337973912557 0.11961368060912247
15 4.410502906198855 7.087826618441829 0.11488891289465958
16 4.227282329841897 6.9567865000830755 0.1313111664796317
17 4.796197714628996 7.772264621875904 0.12301806988263572
18 4.431425920239201 7.271729637075354 0.12970922204355398
19 3.8700083604565374 6.898593152010882 0.1053279266451244
20 4.086791144476996 7.337715758217706 0.10514713147724117
21 3.612457471865195 6.843674690635116 0.1065257652145293
22 7.039242620821352 8.787714260595816 0.16538416028574662
23 4.255383635008776 6.81617056440424 0.12254840176966456
24 4.982538282871246 7.442626184887356 0.1313186492425976
25 6.651532561690719 8.890325016445583 0.15522535352243316
26 4.657893079298514 7.298612334110119 0.12787106612490284
27 4.394225456096508 7.3294024776529385 0.1154852498460699
28 4.983415122385378 7.396650287840101 0.12264760763004974
29 3.9175452258851795 6.58878873012684 0.11500742348531882
30 4.34870727415438 7.005815051220082 0.12538030495246252
31 4.043997433450487 6.9247181724618985 0.10892834217736015
32 4.222897432468556 6.853678924066049 0.10650627625485261
33 3.569391191005707 6.492714285850525 0.09738162722162626
34 3.4582734968927173 6.478588263193767 0.09788647863186067
35 3.4823130589944347 6.582204284491362 0.09641263313177559
36 4.668179503193608 7.036851980068065 0.11374610007085183
37 4.448452287250095 6.893697910838657 0.11462167719448055
38 3.7569558554225497 6.4859514236450195 0.10357180368845109
39 3.9059279759724936 6.422175257294266 0.10838651670901864
40 3.845536368864554 6.432349699514884 0.1069906320836809
41 3.778431974075459 6.607193862950361 0.1069526924510245
42 4.192907342204341 6.911563612796642 0.10909513170244517
43 3.3200699532473528 6.281190819210476 0.09354503025059346
44 3.7299495427696794 6.3966479919574875 0.10567294012893129
45 4.271871350429676 6.600309826709606 0.10839342250040283
46 3.5781219910692283 6.5291465388404 0.09802109141040731
47 3.453946217342659 6.384293269228052 0.0948761392177807
48 3.584468455226333 6.22883560039379 0.09771821299498831
49 4.212294048733181 7.00185799157178 0.11158911932121825
50 5.28817531797621 7.631328145662944 0.12035936517296014
51 3.286011932072816 6.179323549623843 0.09351440008591723
52 3.3485720775745533 6.32906198060071 0.09528589683274429
53 3.537639715053417 6.35538849124202 0.11348595956547393
54 3.4014932447009616 6.263566869276541 0.09752009222628893
55 4.626349257098304 7.153247956876402 0.1294762302810947
56 4.3987530204984875 6.9601191856243 0.11729913749904544
57 4.715313712755839 6.934064706166585 0.11232088844257372
58 3.294816502818355 6.1666467322243586 0.09576443258534979
59 3.346195415214256 6.211099995507134 0.09967991678665082
60 3.564044844221186 6.201946338017781 0.10051843710243702
61 3.22869191787861 6.1448179086049395 0.09408121859585797
62 4.366482434449373 6.905405203501384 0.11692372316287623
63 3.6629963671719588 6.430265647393686 0.09805857286685044
64 4.307927771850869 6.643731664728235 0.11381411776636485
65 3.52659970080411 6.340961403316921 0.09856617926723427
66 3.3171669333069413 6.151089694764879 0.09608406770146555
67 3.5776039163271585 6.135371587894581 0.0980360687330917
68 3.276432322131263 6.074184404479133 0.09492507901180673
69 3.7093988811528242 6.438129204290885 0.10392651203329917
70 3.5414941575792103 6.497796129297327 0.10237553577732157
71 3.642891815415135 6.270559522840712 0.10244590351013122
72 3.264740672376421 6.192582580778334 0.09594905731716642
73 4.120107836193508 6.582170848493223 0.10446347830886091
74 3.357546698164057 6.1325736840566 0.09230118068969911
75 3.785439866560477 6.532109101613362 0.11978746536705229
76 3.826380365424686 6.659468593420805 0.1033790024963242
77 3.3243358267678156 6.182341354864615 0.09727612186085295
78 3.4537687456166304 6.068995873133342 0.09808001429256466
79 4.153338781109563 6.7076775939376265 0.12116154828281314
80 4.4208183465180575 6.94514113885385 0.1269412076583615
81 5.357800249700193 7.650572383845294 0.1487072298510207
82 3.3862403101391263 6.2542111520414 0.09458461686692855
83 3.323914885520935 6.070675479041205 0.09820671576178736
84 3.2578315337498984 6.014714541258635 0.09354131185898075
85 3.255097868265929 6.099012070231968 0.09960748293195609
86 3.94706850360941 6.363334779386167 0.10544472063581149
87 3.496889129832939 6.079761924567046 0.09753053321468609
88 3.328588604927063 6.045471889001352 0.0955019817446117
89 3.1802088441672147 6.0924726194805565 0.09024875238537788
90 3.419433037439982 6.183735953436957 0.09878656647547528
91 3.3827079622833818 6.1438152569311635 0.0994175759109634
92 3.1860945004004018 5.973943679421036 0.09571522719192284
93 3.2051388886239796 6.056573850137216 0.09495965063709903
94 3.308369446683813 6.125243959603487 0.1036334680048404
95 3.2293087531019142 6.08357298374176 0.09919969006269067
96 3.1928436822361417 5.97543090361136 0.09027072242288678
97 3.9296217141328036 6.564855019251506 0.11070962967696013
98 3.2618140247133045 6.102150038436607 0.091218210377351
99 3.361630728951207 6.12242152955797 0.09883757863469698
100 3.414079496154079 6.209189061765318 0.0994122322924711
101 3.1707393637409917 6.01746815222281 0.0872955646848789
102 3.235708545755457 6.130005770259434 0.09519756133495658
103 3.387265192137824 6.097796245857522 0.0923050547156621
104 3.691678738152539 6.108113076951769 0.09489878391226132
105 3.214322461022271 5.921584376582393 0.08989415414355419
106 3.2116949999773943 5.898408461500098 0.09461567368082426
107 3.3673884868621826 6.125847670767042 0.0952706153470057
108 3.335944222079383 5.9154460385993675 0.09066855690131585
109 3.593214390454469 6.254413922627767 0.10280916294841855
110 3.284781879848904 6.0251641759166015 0.0986234364617202
111 3.083431084950765 5.870048231548733 0.08727645211749607
112 3.2092578918845565 5.880691846211751 0.09083172713440878
113 3.1557463738653393 5.860995433948658 0.0928990490803564
114 3.2484093794116267 6.0650255371023105 0.09961676359590557
115 3.082318279478285 5.876233590973748 0.08811803396653246
116 3.2677481483530113 5.837811721695794 0.08932109784196925
117 3.333929925053208 6.279891901546055 0.09182121932368588
118 3.0971187860877425 5.846709445670799 0.08735835607405062
119 3.1697378710464195 5.790582241835417 0.08957282650387949
120 3.0545175428743714 5.775842719607883 0.08931078268559994
121 3.449177521246451 5.933460107556096 0.08935336837614025
122 3.4077108612766973 6.110532981378061 0.09873344400828635
123 3.172002781320501 5.926425417264302 0.09025795712929081
124 3.363979118841666 5.95234211285909 0.08871945700849648
125 3.047254886892107 5.771644689418651 0.0885413244228672
126 3.083340691195594 5.796508736080593 0.08784776443132648
127 3.4759969181484647 5.883219732178582 0.09092109329584572
128 3.1050367465725652 5.815008755083437 0.09054566309269932
129 3.059289640850491 5.78101310023555 0.09163161125723962
130 3.1689017194288747 5.801956401930915 0.0907167916841529
131 3.095204512278239 5.876160334657739 0.08757395756051496
132 3.0654619623113564 5.743492514998825 0.08911864876885105
133 3.1212986177868314 5.753937456342909 0.08733888694809543
134 3.1333179893317045 5.880553316186975 0.0904504500536455
135 3.3740065141960427 5.839214320536013 0.09228697705462023
136 3.1256098526495473 5.754127074170996 0.08982809098368441
137 3.0375359367441246 5.714430923815127 0.0871896068048146
138 3.0434494415918985 5.6925987976568715 0.08490513282379618
139 3.2982262395046376 5.761989218217355 0.08984369977756783
140 3.0739565889040628 5.866754752618295 0.09227363882517373
141 3.0118226055745727 5.731359446490252 0.08859887046532498
142 3.3366874323950872 5.8528837362925215 0.08957777006758584
143 3.0532261508482472 5.7063162768328635 0.08560914373784154
144 3.065765263857665 5.839347781958403 0.09288668246180923
145 4.020021507033595 6.296671258078681 0.09853533275977329
146 3.177504579226176 5.827337578490928 0.09289869845465377
147 3.091537610248283 5.756397353278266 0.0914042150877692
148 3.081226353292112 5.790576647829126 0.08485735418206011
149 3.0753862018938416 5.805976827939351 0.08560670657014405
150 3.0383526263413607 5.775679407296358 0.08924732126157593
151 3.055323404294473 5.802852789560954 0.08957871956819738
152 3.079621246567479 5.719024821564004 0.08955086164038491
153 3.0892661346329584 5.6932357373061 0.08996713716812708
154 3.036909196111891 5.7298786242802935 0.0854749243568491
155 3.018287161986033 5.671656489372253 0.08675776290948745
156 3.1449840907697326 5.674971924887763 0.08775853827871659
157 3.1529630797880666 5.710182653533088 0.09047763011659737
158 3.0084522366523743 5.710509719672026 0.08906821458152046
159 3.0521656296871327 5.732202159033881 0.09224339936756426
160 3.1150771180788674 5.799260567735742 0.09679921968253674
161 3.1851789200747453 5.851743521513762 0.09194637203796042
162 3.1064213977919684 5.853003206076445 0.09157366457360762
163 3.099108530415429 5.765348235766093 0.08812320542832215
164 3.2883918793113143 5.950043325070982 0.09583773243206518
165 3.0042295301402056 5.712559254081161 0.08710494151131974
166 3.012437114009151 5.724516020880805 0.08832075802126417
167 3.0550544593069286 5.834973057111104 0.08399799731732518
168 3.0431787040498524 5.717238792666683 0.08907539356085989
169 3.1848702364497714 5.870981989083467 0.08926751519794818
170 3.159814295945344 5.76948818454036 0.09138112622140734
171 3.10298451450136 5.7357139057583275 0.0872412075943969
172 3.1156349734023765 5.835328812952395 0.09169598365271533
173 3.0098590078177274 5.699029171908343 0.08719449262652132
174 2.972033202648163 5.66842445620784 0.08590614392111699
175 2.967979027165307 5.650933861732483 0.08480164143084376
176 3.078137093120151 5.838224667089957 0.09430745126748527
177 3.0126780757197626 5.758701496654087 0.08860676028524284
178 3.074181287376969 5.767413042209767 0.09124418154910759
179 3.092399561846698 5.830324746944286 0.09106653766637599
180 3.0554602874649897 5.661020640973692 0.0848016901700585
181 3.0863890338827065 5.748139884736803 0.089345577414389
182 3.0095377365748086 5.733348312201323 0.09025095824014258
183 3.0529094448796026 5.65775211210604 0.08524579416822504
184 3.016156666808658 5.739155879727116 0.0869876114582574
185 3.135897636413574 6.0173684181990446 0.09765304849241618
186 3.1920928712244385 5.785885766700462 0.09388803945923294
187 3.150420504587668 5.76451043287913 0.09300823078525287
188 2.9739941513096846 5.679184670801516 0.08579578571435478
189 3.4335712525579662 5.83759766596335 0.09232735213030267
190 2.959752820156239 5.653172347280714 0.08569667791878735
191 2.9698489374584622 5.686807875280027 0.08589311713283812
192 3.006134666778423 5.730319601518136 0.09106642438995617
193 2.9887627870948226 5.687485558015329 0.08498289436101913
194 3.2472850989412376 5.891175075813576 0.09715942310652247
195 2.968137193609167 5.629578766999422 0.08516140658132455
196 2.9770359728071423 5.692649523417155 0.08356820133135275
197 3.1283790557472795 5.692870956880075 0.08854683512752806
198 2.997755896162104 5.725492941008674 0.08931980978835512
199 3.000134410681548 5.6351519646467985 0.08786694595107326
200 3.087316181924608 5.647265668268557 0.08925164942802102
201 2.9875439272986517 5.696243502475597 0.08920249329121024
202 3.129954594152945 5.99432694028925 0.09838331608032738
203 3.0117608816535384 5.667986203123022 0.08494283376192605
204 3.020386185910967 5.755934176621614 0.08568067420963887
205 3.024258670983491 5.723737540068449 0.08491830700249584
206 2.9746540873138994 5.686996689549199 0.08731153666007298
207 2.9813570093225548 5.65446573275107 0.0872763220772699
208 3.074976951987655 5.7605001617361 0.08870098712267699
209 3.0059890018569098 5.7376368045806885 0.09005171084707533
210 3.068263034025828 5.719987635259275 0.08977508231031674
211 2.9728125731150308 5.624220437473721 0.08297962236597582
212 2.9571974454102694 5.684419605467054 0.0871104581143569
213 3.0383481228793108 5.6275579046320034 0.08746106149973693
214 2.942441975628888 5.62535532757088 0.08563035843824898
215 3.0825177938849837 5.74455201625824 0.09080594039901539
216 3.0416296632201583 5.805742418324506 0.09208422757823158
217 2.9678224744620145 5.708509418699476 0.08477410553368153
218 2.976582235760159 5.604714579052395 0.08518978325581109
219 2.9807488013196877 5.690062761306763 0.08831148487688215
220 2.975113387461062 5.684708096362926 0.08861736480698541
221 2.9410258686100996 5.6112253533469305 0.08572103341834413
222 2.9476829060801752 5.630021474979542 0.08520518474418808
223 2.97646392054028 5.643658894079703 0.0873120782069034
224 2.9830260276794434 5.709895571072896 0.08840416016540041
225 3.027412030431959 5.722710578529923 0.08931250687412641
226 3.0014744577584445 5.736140489578247 0.08868021093722847
227 2.963352419711925 5.625971343782213 0.08519033077000468
228 2.960890112099824 5.62026689670704 0.08745979307288373
229 3.060693266215148 5.75563160136894 0.09054515193457957
230 2.935457995644322 5.596999225793062 0.084221209709843
231 2.961860528698674 5.650743347627145 0.08608350778619449
232 3.016579881862358 5.600057217809889 0.08384147786569816
233 2.946567294774232 5.663717137442695 0.08572792361869856
234 2.928372475836012 5.605983305860449 0.0843926100405278
235 2.976385290975924 5.70476879896941 0.0887254233368569
236 2.9399947899359242 5.617912959169458 0.08389694371295196
237 2.9588055963869446 5.632663717976323 0.08446433684892124
238 3.0507641677503234 5.842279451864737 0.09314399540286374
239 3.031816526695534 5.75824033330988 0.0903987067717093
240 2.999356068946697 5.646084361606174 0.08688935033839058
241 3.162277321020762 5.661244520434627 0.08753828438757746
242 2.954922514933127 5.602752747359099 0.08512741734308225
243 3.0134975093382375 5.750358634524876 0.09176658166365491
244 2.9952884780036078 5.681216390044601 0.08617575728782902
245 2.970036188761393 5.65548743142022 0.0868240430675171
246 2.9572759403122797 5.621292410073457 0.08644443277821497
247 2.978450541143064 5.586929599444072 0.08371841662597877
248 2.9545587676542775 5.573492637387028 0.08173264449255334
249 3.0182853959224842 5.733414989930612 0.09169186389556637
250 2.955473683498524 5.661388127892105 0.08380346803891438
251 2.9516616154600075 5.617093956028974 0.08493700202692438
252 3.030128048525916 5.624104773556745 0.08358640268582988
253 2.9882946323465416 5.605088083832352 0.08583884289557184
254 2.9930513721925243 5.615816063351101 0.08417429540444303
255 3.239488740762075 5.70272856730002 0.08781767784859296
256 2.94272314398377 5.5530036996912076 0.08494066433222205
257 2.927121219811616 5.609168030597545 0.08342060308765482
258 3.018698592980703 5.726531744003296 0.08997323312279251
259 3.0255365062642983 5.778212754814713 0.09140582927675159
260 3.0042630985931114 5.6729140325828835 0.08728503232338915
261 2.9561228685908847 5.610466771655613 0.0878908673853234
262 3.103232302047588 5.8049343427022295 0.09436327960618117
263 2.9859060225663363 5.654835921746713 0.08879463291830486
264 2.981503678692712 5.6327109469307794 0.08608118417086424
265 2.9310209729053356 5.59457728156337 0.08539110211724485
266 3.291749656200409 5.676499366760254 0.08791478781926411
267 2.9116144665965327 5.580839470580772 0.08296748502524914
268 2.994614088976825 5.600039958953857 0.08474876973088141
269 2.9165225249749644 5.601323476544133 0.0847763111124988
270 3.1667734494915716 5.824566470252143 0.0946894550902976
271 2.933300424505163 5.611947501147235 0.08613109881817191
272 2.9541990293396845 5.586645382421988 0.08277294115611801
273 2.9587245804292186 5.629448908346671 0.08817310689914006
274 2.932969289797324 5.570596372639692 0.0835628208393852
275 2.953160725258015 5.588364972008599 0.08370622378532533
276 2.95752450492647 5.550401497770239 0.08272273552224592
277 2.9568785539379827 5.672156704796685 0.08869216532480938
278 2.924021765037819 5.572799183704235 0.08383685785035293
279 2.925538811418745 5.618121760862845 0.08455549691010404
280 2.916779661620105 5.5794059877042415 0.08264972748993724
281 2.9407071625744856 5.637567696747957 0.08701609085417455
282 2.9677052431636386 5.70206454065111 0.08815372828394175
283 3.048758453792996 5.785048308195891 0.09139088927595704
284 3.040323634942373 5.693472129327279 0.08769458553029431
285 2.975265215944361 5.5904160649688155 0.08408796021507846
286 2.9082588023609586 5.578269516980207 0.0838579489952988
287 3.0310777911433466 5.817610210842556 0.09387725615804945
288 2.97087456341143 5.669086787435743 0.0871175690036681
289 2.999451189129441 5.669460698410317 0.08409136464750325
290 3.0487226446469626 5.815585803102564 0.09444829397317436
291 2.929138154895217 5.607846794305025 0.08657764819347197
292 2.9214447228996843 5.5416749671653465 0.08250600347916286
293 2.961961445985017 5.556894730638574 0.08368545663715513
294 2.9585679328000105 5.650279257032606 0.0864466165571853
295 2.9481600677525557 5.616620955643831 0.08540596537016056
296 3.0242357077421964 5.597719894515143 0.08326548355183115
297 2.949035507661325 5.619087069122879 0.08526408551605763
298 2.9789313210381403 5.693337793703432 0.08960067335930136
299 3.1320182901841624 5.614074565746166 0.0861848852838631
300 2.937086778658408 5.617213001957646 0.08641952859168803
301 2.917812886061492 5.58015611436632 0.08514105935615522
302 2.966528331791913 5.657463992083514 0.08189295980803392
303 2.926948821103131 5.584419365282412 0.08317253669654881
304 2.9389148001317627 5.657039518709536 0.08572216725183858
305 2.942490401091399 5.631764438417223 0.08611696244527896
306 2.903200778696272 5.552481510021068 0.08230348576412157
307 2.991335897533982 5.718619858777082 0.09009986977886271
308 3.0032507843441434 5.539079401228163 0.08481433187369947
309 2.9681404806949474 5.637000803594236 0.08899604791292438
310 3.1175948204817594 5.606547421879238 0.08518034243887221
311 2.9281068731237343 5.629240892551564 0.08385357288298784
312 2.976598351090043 5.679681632253859 0.09109451952907774
313 2.9338702228334217 5.663710934144479 0.08574155604259835
314 2.930475778049893 5.622745513916016 0.08685640311213555
315 3.0563038366812245 5.59913252459632 0.08745390845945587
316 3.1683247221840753 5.677170325208594 0.08552970368139169
317 2.906313600363555 5.569089072721976 0.08285967063986593
318 2.9126514505456993 5.575696212274057 0.082906739924241
319 2.9186120673462197 5.590544872813755 0.0847156257196157
320 3.006537883370011 5.6354420979817705 0.08551766571623308
321 2.897331136244315 5.565650582313538 0.08223230088198627
322 2.9130741468182317 5.565723141034444 0.08460855690969361
323 3.035594818768678 5.661208801799351 0.08442390930873377
324 2.954586148262024 5.583819561534458 0.08440976258781221
325 3.269115024142795 6.064826241245976 0.10131926324080538
326 2.9756440652741327 5.688307753315678 0.08951876960970738
327 2.9227313620072826 5.632450169987148 0.08531949382827238
328 2.89678555727005 5.566694833614208 0.0829410267372926
329 2.9795596400896707 5.6822839004022105 0.08982770424336195
330 2.9850345253944397 5.717587978751571 0.08873975808145823
331 2.9851769076453314 5.573263415583858 0.08386221031347911
332 2.9185865455203586 5.605996520430954 0.08441212445635486
333 2.9712901843918695 5.614164268528974 0.08686349927275269
334 2.92594685598656 5.555559228967737 0.0813092837041175
335 2.962851526560607 5.647322747442457 0.08701362191802925
336 2.9163815025930053 5.526716876913 0.08179719183869937
337 3.0019992038055703 5.603901902834575 0.08625599121054013
338 2.93412912995727 5.6766423340196965 0.08647760631585563
339 2.9189347911764076 5.590812060568068 0.08569608611503134
340 3.043910997885245 5.767536251633255 0.09078151229079123
341 2.912412252691057 5.572840218190794 0.08342794446205651
342 2.929195463657379 5.551118634365223 0.0846932368973891
343 2.9345557358529835 5.5731355437526 0.08467167677978675
344 2.886174173266799 5.546950499216716 0.08168823899770225
345 2.9437351094351873 5.649762546574628 0.08780544499556224
346 2.985465583977876 5.587578433531302 0.08339315966737491
347 2.984081968113228 5.5387527766051114 0.08388172179736474
348 2.9564305256914207 5.59336123643098 0.08295327131808908
349 2.9321518187169677 5.640208381193656 0.08757698594558018
350 3.1218617536403515 5.604478579980356 0.08418339256335187
351 2.9178666560738176 5.602465744371767 0.08617428597062826
352 2.9214126379401595 5.622336321406895 0.08639529212895367
353 2.95096296955038 5.531838359656157 0.08203134351168517
354 2.945220247462944 5.648272421624926 0.08507423603010399
355 2.9617742896080017 5.721956906495271 0.08909229147765371
356 2.9387759367624917 5.572078373697069 0.08415344126384568
357 2.9761553119730064 5.706302338176304 0.09005971570257787
358 2.9642018808258905 5.714716147493433 0.09000459720415098
359 3.0048419060530485 5.708298299047682 0.0876098286912397
360 2.9364071466304638 5.594444420602587 0.08468122231877512
361 2.944250570403205 5.543671833144294 0.08495566773193854
362 3.0062928994496665 5.730453107092115 0.09149916625271241
363 3.0481125756546303 5.719807231867755 0.09050951397943276
364 3.0596471119810036 5.633761843045552 0.08774393879705006
365 2.9278491316018282 5.560705595546299 0.08395921928739106
366 2.926893883281284 5.546712040901184 0.08242771019124323
367 2.921128465069665 5.580398179866649 0.08618568218554612
368 2.9712360479213573 5.663816443196049 0.0862860819324851
369 2.9237083792686462 5.516252486794083 0.08085329809950458
370 2.9298770096566944 5.636043720775181 0.08646803349256516
371 2.9048324448091014 5.569828293941639 0.08355737839721972
372 2.9594547505731934 5.573695518352367 0.08212384602261914
373 2.9417167990295976 5.69292657022123 0.08860193493051662
374 2.95084497222194 5.591507682093868 0.08365432228203173
375 2.956606341732873 5.608718404063472 0.08430173668872427
376 2.974786391964665 5.685961078714441 0.08885753872217955
377 2.9008807275030346 5.586057212617662 0.08455191497449521
378 3.042107129538501 5.6484561187249644 0.08211452155201523
379 2.928956314369484 5.593441128730774 0.08581909351050854
380 2.9195096691449485 5.576108672000744 0.08321883691543783
381 2.925488045922032 5.598582669540688 0.08639435601179246
382 2.900138172838423 5.5889443114951805 0.08493035141792563
383 2.945028077673029 5.685687290297614 0.08846517393572463
384 2.9581000297157853 5.550665983447322 0.08374065978245603
385 2.902312448731175 5.574721530631736 0.08295779237178741
386 2.8966403581477977 5.53263239507322 0.08100046900411446
387 2.9504911965794034 5.6103570858637495 0.08608903549611568
388 2.949814200401306 5.610120526066533 0.08727071796440417
389 2.9576261705822415 5.5741567655845925 0.08222159512203049
390 3.0660184025764465 5.642686490659361 0.08965915203508404
391 2.92416465944714 5.564456621805827 0.08279954486836989
392 2.972412347793579 5.676178835056446 0.08574787416943798
393 2.907759054943367 5.54190574310444 0.08286774537905499
394 3.203345943380285 5.8552962320822255 0.09357362661372733
395 2.9236236214637756 5.596469967453568 0.08381940352006091
396 2.9546766413582697 5.692943882059168 0.08809131670191332
397 2.9502666570522167 5.682850921595538 0.08805628051912343
398 3.0536051679540566 5.62729318053634 0.08644343215834212
399 2.8990565692936934 5.580161121156481 0.08253796150286992
400 2.91804172595342 5.610443464031926 0.08475042831290651
401 2.9253083732393055 5.539418944606075 0.08312267885991821
402 2.904822411360564 5.561914558763857 0.08288748965909083
403 2.8999984595510693 5.565319688231857 0.08320721538944377
404 2.944739712609185 5.665735593548527 0.08869000382859397
405 2.9139390278745583 5.567936001000581 0.08407947745312143
406 2.918634037176768 5.600763590247543 0.08550871405060645
407 2.988740040196313 5.708458533993474 0.08903050884880402
408 2.9135715431637235 5.597964251482928 0.08415631535980436
409 2.8916517584412187 5.543246423756635 0.08055252616328222
410 2.9171881212128534 5.594844495808637 0.08653848359568252
411 2.8906630211406283 5.567941436061153 0.08342809130058244
412 2.9646095832188926 5.539431240823534 0.083829951196633
413 2.968104629604905 5.651477654774983 0.08902828609225927
414 2.9675897072862694 5.654738359981113 0.08725835510564071
415 2.8948029345936246 5.562444391074004 0.0831765859146361
416 2.9262555594797486 5.596120300116362 0.08420168235898018
417 2.902807694894296 5.589980257882012 0.0850287411292946
418 2.9284388687875538 5.586844669448005 0.08563841265384797
419 2.8944086167547436 5.533894044381601 0.08394980778986658
420 2.898031263439744 5.5084828403260975 0.08033848643578866
421 2.940637908599995 5.616331979080483 0.08521121005631155
422 2.9017665827715837 5.5638644562827215 0.08430558963920232
423 2.9409485393100314 5.589687524018465 0.08529089801703338
424 2.926074692496547 5.592448269879377 0.08628175894005431
425 2.8993951170532792 5.562888233749955 0.08353310312937808
426 2.8902492302435414 5.5472581254111395 0.08090824595893975
427 2.8970916778952986 5.583172745174831 0.08405678457132092
428 2.915158375545784 5.586976819568211 0.0850200172237776
429 2.922315913218039 5.584753102726406 0.08418755716195812
430 2.946182723398562 5.629432316179629 0.08684915048932587
431 2.909637148733492 5.597759374865779 0.07993544531227262
432 2.9103136173001043 5.606726509553415 0.08542729286407982
433 2.903438431245309 5.576979363406146 0.08441180283962577
434 2.8800691807711565 5.545423057344225 0.08316055436929067
435 2.9161956111590066 5.603597548272875 0.08409402929936294
436 2.965059816837311 5.572377571353206 0.08362615163679477
437 2.910047500221818 5.573112946969491 0.08425013141499625
438 2.9767022331555686 5.664617445733812 0.08908813477804263
439 2.9012017404591597 5.513560776357298 0.08258726406428549
440 2.927744989041929 5.555784949549922 0.08233052999195126
441 2.985372081950859 5.718842263574953 0.08967522659373504
442 2.9589297903908625 5.590411654225102 0.087088607803539
443 2.9521765730999134 5.653205412405509 0.0879611062851769
444 2.907878484990862 5.580765216438858 0.08614760468265524
445 2.9157038772547685 5.565561051721926 0.08361407359027201
446 2.921125959467005 5.566190503261708 0.08217925478324846
447 2.908061155566463 5.523835610460352 0.08235085952199167
448 2.9167656523210033 5.583674293977243 0.08578266779443731
449 2.9828874314272844 5.556727162113896 0.08379637925989097
450 2.9227575063705444 5.569972784430893 0.08299190885628815
451 2.885498298539056 5.525364231180261 0.08216815476340276
452 2.90136460242448 5.55163675767404 0.08425056937806032
453 2.8979699788270175 5.580608756453903 0.08205628198468023
454 2.9130174583858914 5.578590896394518 0.08175944692144792
455 2.926715541768957 5.575853365438956 0.08434241423728289
456 2.8997286513999656 5.533007281797904 0.08233792810804313
457 3.078368922074636 5.753816798881248 0.09135716549914193
458 2.9508988150843867 5.540728078948127 0.08397025228650482
459 3.068021767669254 5.726731150238602 0.09092101972136232
460 2.9749963371841996 5.619824859831068 0.08538860534490259
461 2.9154941307173834 5.594724429978265 0.08561370104413342
462 2.933718941829823 5.65866341414275 0.08873824347500447
463 2.9571478499306574 5.676504139546995 0.08836378191632253
464 2.9030464556482105 5.618490797502023 0.08526260657580914
465 2.905758630346369 5.6046867105695934 0.08554194991787274
466 2.9091657245600664 5.564627532605772 0.08100115732048396
467 2.89127313207697 5.53734028339386 0.08256509375792963
468 2.9397835069232516 5.580756540651675 0.08356722816824913
469 2.892663308867702 5.541171722941929 0.083716143819469
470 2.918584441697156 5.614798678292169 0.08643455092829687
471 2.9448822140693665 5.571505414115058 0.0844111338050829
472 2.904131399260627 5.569835795296563 0.08495899189815477
473 2.898552828364902 5.562172682197006 0.08025509526056272
474 2.9230801882567228 5.636825813187493 0.0863196491436274
475 2.912229244355802 5.540473346356992 0.0830351190848483
476 2.910966840055254 5.564916902118259 0.08426750616894828
477 2.9126741930290505 5.610775753303811 0.08470594951951946
478 3.0034846199883356 5.6962005473949295 0.0908166071124099
479 2.9927984365710505 5.60213589226758 0.08680874399012989
480 2.898179754062935 5.593824903170268 0.08183500639818332
481 2.918908679926837 5.622941162851122 0.08608923228112636
482 2.8887375460730658 5.5505533394990145 0.0829107837613534
483 2.8992251974565013 5.5715578573721425 0.08412135430370216
484 2.94173346625434 5.510005540317959 0.08404703151986555
485 2.979295094807943 5.684029751353794 0.0895957107897158
486 2.9046999988732516 5.541194452179803 0.08313007749341152
487 2.9048147444371826 5.551442234604447 0.08402284614189907
488 3.069442952120746 5.580838282903035 0.08331248177974312
489 2.9310123324394226 5.6580046636086925 0.08476272135697029
490 2.94138456053204 5.6155395728570445 0.08824242906713928
491 2.9858077941117465 5.78423195415073 0.09067484808878766
492 3.0103936482358864 5.67257566805239 0.08703384955448133
493 2.965652331157967 5.638759202427334 0.08500223034233959
494 3.043054618217327 5.555049454724347 0.08429785590204927
495 3.2318848680566856 5.823536621199714 0.08390672101328771
496 3.124608940548367 5.6414049996270075 0.08835771997217778
497 2.8879137944292137 5.5413230657577515 0.08197203295788279
498 3.0884021895903127 5.563161068492466 0.08453609549474937
499 2.888438167395415 5.542508368138914 0.08199489164959502
500 2.9799797623245805 5.569543754612958 0.08316696148917631
501 2.909054244006122 5.597068755714981 0.08532495130957277
502 2.981638915008969 5.540232102076213 0.08181962260493526
503 2.9053460160891214 5.542807777722676 0.08270028988934225
504 2.898797085991612 5.531022517769425 0.08159236696169332
505 2.905625899632772 5.5591409471299915 0.08473401140697577
506 2.8901600616949574 5.555603265762329 0.08397881048559039
507 2.9409295188056097 5.659809995580603 0.08786866810448744
508 2.9139931709678084 5.556911927682382 0.08535850748281788
509 2.9370083014170327 5.647597745612815 0.0839981383609551
510 3.089545927665852 5.575112148567483 0.08221769443264713
511 2.8876606667483293 5.546865935678835 0.08380356227496157
512 2.9001490804884167 5.550695675390738 0.08381028145689655
513 2.9263916545444064 5.605075306362576 0.08730553438955987
514 2.9226226011912027 5.6095466878679066 0.08683685979081525
515 2.947618179851108 5.66034464041392 0.0876370620465389
516 2.9128720075995833 5.558058270701656 0.0834339580119208
517 2.9114181642179138 5.531807718453584 0.08129850681871176
518 2.8867893196918346 5.544295854038662 0.08234422688406927
519 3.1166822424641363 5.907886721469738 0.0960896607419407
520 2.880930445812367 5.527303055480674 0.08087355726295048
521 2.879887647098965 5.518100146894102 0.0827862625527713
522 2.902120535020475 5.598848241346854 0.08309259379489554
523 2.9484400528448598 5.5630523540355545 0.08064532500726206
524 2.9020273376394203 5.539130025439793 0.08254080248513708
525 2.9252430686244257 5.540544094862761 0.08126598675907762
526 2.9159067515973693 5.577654825316535 0.0842997161326585
527 2.8964477093131453 5.530170599619548 0.0821489176057555
528 2.9390451886035778 5.655857487961098 0.08878376372848396
529 2.92008806820269 5.636672373171206 0.08603773379905356
530 2.978258494977598 5.566317946822555 0.08460610273673579
531 2.985027571519216 5.565698363162853 0.08250547131454503
532 3.0049808908391884 5.6037546307952315 0.08094738992965883
533 2.968974970005177 5.719310341057954 0.08992659172940033
534 2.9163677471655385 5.55741525137866 0.08163547488274397
535 2.8969296592253224 5.5996875674636275 0.08527428418811825
536 2.940184696956917 5.557015860522235 0.0804854479652864
537 2.9033495253986783 5.5946715893568815 0.08553703515617936
538 2.9633682590943797 5.5348798654697555 0.08252459147048218
539 2.945938947024169 5.665179226133558 0.08830283520122369
540 2.9198554577650846 5.637560319017481 0.08606041453916717
541 2.9158636552316173 5.590572895827116 0.0869798296717582
542 2.9035790165265403 5.535132209459941 0.08396125005351172
543 2.9153164051197193 5.559522129871227 0.0805442111428689
544 2.9268199845596596 5.540144253660132 0.08277833071985731
545 2.9557318974424294 5.576273074856511 0.08193988080515906
546 2.923606267681828 5.614524978178519 0.08610196104618134
547 2.899038740882167 5.5360261687526 0.0822504014811582
548 2.8735951913727655 5.510338112160012 0.08214893774991786
549 2.952396790186564 5.56541982403508 0.08502558180717407
550 2.9172798792521157 5.61226882757964 0.08501891650397468
551 2.9159428742196827 5.573306141076265 0.0852497663969795
552 2.8969999573848866 5.595785414731061 0.08477969170996437
553 2.89998389394195 5.52915679525446 0.08166409514982391
554 2.9904921098991677 5.574543299498381 0.08181301469880121
555 2.9504522813691034 5.679606896859628 0.08864521414593414
556 2.9173187900472572 5.590494067580612 0.08546734314963773
557 2.9310281651991383 5.576397485203213 0.0852051876416361
558 2.94310756082888 5.514876193470425 0.08389826074104619
559 2.999278284885265 5.548817038536072 0.0824729541523589
560 2.898951018298114 5.588717853581464 0.08383369304377723
561 2.8694030554206282 5.521885452447115 0.08140059595030767
562 2.9163869045398854 5.54537038008372 0.08357425503156803
563 2.894092999122761 5.542129004443133 0.08430611921681298
564 2.8881827283788613 5.510127085226554 0.08223978330001787
565 3.0040581358803644 5.700257137969688 0.08826294330949033
566 3.0448175536261664 5.616173073097512 0.08800037332844955
567 2.878779802057478 5.514594462182787 0.08153091057169216
568 2.891609302273503 5.540109793345134 0.08471759660514416
569 2.8992269105381436 5.574539798277396 0.08266828081536072
570 2.922630215132678 5.577374855677287 0.08253741836934178
571 2.897298280839567 5.555353226485075 0.0840950306435978
572 2.970299029791797 5.578510584654631 0.08525833684123224
573 2.912227604124281 5.630848129590352 0.08654286905571267
574 2.896524769288522 5.516942690919946 0.08165271600915326
575 2.910090022616916 5.615154111826861 0.08504686563241261
576 2.9859576755099826 5.709158213050277 0.08867155015468597
577 2.8996936678886414 5.551534961771082 0.08321305688608575
578 2.906589949572528 5.5586815807554455 0.08578945965402657
579 2.9257468161759554 5.613167003349021 0.08696869212306207
580 2.9576640129089355 5.618934847690441 0.08722122555115709
581 2.9168137819678694 5.528966148694356 0.0840131477970216
582 2.9202962164525634 5.522745693171466 0.08238029714535784
583 2.9030583765771656 5.561616826940466 0.08560003257460064
584 2.8903075831907765 5.541290349430508 0.08380961835522342
585 2.902158620180907 5.551409575674269 0.08518952476205649
586 2.963327560159895 5.560648397163108 0.08340335823595524
587 2.9228774154627764 5.571830056331776 0.07997073495277653
588 2.901612224402251 5.595018762129325 0.08403121328188314
589 2.9492448237207203 5.65942441534113 0.08794936782645958
590 2.9571436709827847 5.54931026034885 0.08518282713851442
591 2.905435891063125 5.580515865926389 0.08573693337125911
592 2.8955496350924173 5.520036273532444 0.08282694917310167
593 2.874976244237688 5.4948598323044955 0.08284275809785833
594 2.9619362111444825 5.540813459290399 0.08277937959603689
595 2.994210684740985 5.73530939773277 0.0912121107318887
596 3.111375746903596 5.563822234118426 0.08457561396062374
597 2.917877117792765 5.613572072099756 0.08603240073555046
598 2.966541451436502 5.689461451989633 0.08878174182717447
599 3.0000284954353615 5.765429761674669 0.09108729805383417
600 2.897165369104456 5.520615573282595 0.08224515706576684
601 2.943005219653801 5.644196779639633 0.08782571688708332
602 2.9304234738703125 5.662078910403782 0.08803155614684026
603 2.897348986731635 5.522565051361367 0.08138418915095152
604 2.8886218534575567 5.509570726641902 0.0796157556620461
605 2.9490452673700123 5.6832866977762295 0.08925916751225789
606 2.8752516000359147 5.527424547407362 0.08243642316234333
607 2.8791062589044922 5.5506056193952205 0.08225330458609043
608 2.909912674515336 5.597316750773677 0.08466181497055071
609 2.895987938951563 5.567867535131949 0.08317471292145827
610 2.882988625102573 5.52377826196176 0.08264579913682407
611 2.906497690412733 5.5022336465341075 0.08291727111295417
612 2.9061059421963162 5.542526673387598 0.07992920410577897
613 2.9335527508347123 5.5515684021843805 0.08296247616548229
614 2.9786041025762207 5.687234631291142 0.08931417611462099
615 2.894891557870088 5.551865171503137 0.0845097825276079
616 2.903179658783807 5.533444307468556 0.08020607823574985
617 2.913316817195327 5.614837505199291 0.08449628649072514
618 2.89554120876171 5.566122156602365 0.08462517694742591
619 2.8789762589666577 5.5150190547660545 0.08242852744404916
620 2.9024267152503684 5.561177779127051 0.08362750429660082
621 3.020512514644199 5.739255225216901 0.09044288643808276
622 2.871942091871191 5.5289508369233875 0.08302187436708698
623 2.9131997956169977 5.596085155451739 0.08457432670035848
624 2.9326488353587963 5.53122725310149 0.08266586017001558
625 2.890752421485053 5.574737774001227 0.08393509730834652
626 2.894800126552582 5.571007114869577 0.08534360525232774
627 2.9058946437305875 5.578472790894685 0.08475817298447644
628 2.895167083651931 5.568075771685 0.08275059848609898
629 2.9254987637201944 5.637937408906442 0.08686280343681574
630 2.885123336756671 5.523149379977474 0.08331054573257764
631 2.882070932123396 5.536163824575919 0.08330119932415309
632 2.9141202017113015 5.620698889096578 0.08655759040266275
633 2.9172602781543024 5.606853692619889 0.08534211755074837
634 2.929934658386089 5.604036706465262 0.08416267025663897
635 2.9040074635435036 5.52780247176135 0.0817250028528549
636 2.920928083084248 5.617675609058804 0.08625253020889229
637 2.9374172201863042 5.673391593827142 0.0879537267955365
638 2.873625808291965 5.543490277396308 0.08078264269149965
639 2.8814381802523577 5.537808051815739 0.08206309550614269
640 2.9045458171102734 5.5743901994493275 0.08582569813976686
641 2.9640102872142085 5.678607000244988 0.08773429488280306
642 2.933464652962155 5.629716643580684 0.0886132447393956
643 2.94930609508797 5.703557080692715 0.0893365371696375
644 2.962043356012415 5.5961535109414 0.08657480217516422
645 2.9486267875742027 5.638330684767829 0.08678260973344247
646 2.9012976310871266 5.55707527090002 0.0846539670256553
647 2.9051632395497076 5.569997522566053 0.08533936231914493
648 3.0009780835222313 5.534746381971571 0.08134416328674113
649 2.8892407660131103 5.51957184738583 0.07995515796183436
650 2.9233474643142134 5.56388160917494 0.08355325550116875
651 2.8992856056601912 5.587623256224173 0.08420271916245972
652 2.946805183534269 5.630199918040523 0.08205328343643083
653 2.883599797884623 5.5371210354345815 0.08401767802597196
654 2.910926534069909 5.557417494279367 0.08246902479893631
655 2.913580682542589 5.618175639046563 0.08493726224535042
656 2.9531298677126565 5.672132280137804 0.08940606419410971
657 2.8925121735643455 5.5396348635355634 0.08141338839023202
658 2.899637039060946 5.534677620287295 0.08062688288865266
659 2.8753235075208874 5.526928252644009 0.08280850722695943
660 2.8836222688357034 5.548122812200476 0.08279927268072411
661 2.907620244556003 5.617644062748662 0.08397867640963307
662 2.8702597507724055 5.525197717878553 0.08186075205190314
663 2.917436127309446 5.583220649648596 0.08568510254500089
664 2.9538148950647423 5.698917600843641 0.08922347184960489
665 2.9056931093887046 5.55269483283714 0.08262348820075945
666 2.895579485981553 5.528658716766922 0.08307103647126092
667 2.9404964027581393 5.66001194494742 0.08763501627577676
668 2.884894101708024 5.546828420073898 0.08398879467751141
669 2.8937194810973272 5.572955939504835 0.08419561979395372
670 2.874685318381698 5.503013593179208 0.0821805112408819
671 3.031746237366288 5.8068899534366745 0.09207060136314896
672 2.9311372770203485 5.514706916279263 0.08146418406869527
673 2.9143852216226085 5.5759085814158125 0.08232904573971475
674 2.904292896941856 5.52772413359748 0.08374545467948472
675 2.980472015009986 5.558071825239393 0.0853752280688948
676 2.9135435157352023 5.593130332452279 0.08565592700270591
677 2.964790721734365 5.708395587073432 0.08928605848578391
678 2.9023492380424782 5.528577446937561 0.0814380835465811
679 3.051551459012208 5.54288500768167 0.08166843973514107
680 2.886669728491041 5.559060582408199 0.08387365492267741
681 2.904077061900386 5.499799838772526 0.08164629781687702
682 2.903851158089108 5.577454381518894 0.08448864378173042
683 2.9220437562024153 5.607136426148592 0.08493158938708129
684 2.899465251851965 5.533331919599463 0.08558755950933253
685 3.0467884695088423 5.560654635782595 0.0829967400059104
686 2.906949524526243 5.609896809966476 0.08424964181526944
687 2.9134532698878535 5.583219002794336 0.08550697202897733
688 2.8993136993160955 5.548127028677198 0.0834617047674126
689 2.8997553520732455 5.550238061834265 0.08299095935567662
690 2.926110770967272 5.640415946642558 0.08683688107326075
691 2.9134578285393893 5.549934952347367 0.08195559380369054
692 2.911556429333157 5.523369762632582 0.08289908514254624
693 2.8939689132902355 5.575035417521441 0.08447505771699879
694 2.95830876076663 5.652149363800332 0.08746544292403592
695 2.877251198998204 5.54117101210135 0.08410763737090209
696 2.9858950906329684 5.69133722782135 0.08759337294570825
697 2.870949316907812 5.51652447824125 0.08193082862568123
698 2.902967232244986 5.519508865144518 0.08350512174958433
699 2.8976071874300637 5.541273699866401 0.08187644990781943
700 2.878202334598259 5.5309872450651945 0.08204969539548512
701 2.892586851561511 5.520914360328957 0.08080573376544097
702 2.89501452004468 5.568981122087549 0.0817033136608424
703 2.9134351015090942 5.567655567769651 0.08649645549141699
704 2.8945102625423007 5.546579140203971 0.08251415220675645
705 2.9347927239206104 5.55126690864563 0.0845130034894855
706 2.943423862810488 5.5828979854230525 0.08589968488862117
707 2.888933656392274 5.499383392157378 0.08244756164236201
708 2.886563526259528 5.579432204917625 0.08441572243140803
709 2.885850954938818 5.507694526954934 0.08258368702674354
710 2.867360775117521 5.55159741419333 0.08257791672453836
711 2.9711636812598616 5.668402362752844 0.08836228307336569
712 2.878350140871825 5.5381253339626175 0.08168848948898139
713 2.904034930246848 5.530127216268469 0.08276270271313411
714 2.956865061212469 5.707673342139633 0.08859135679624698
715 2.8809041380882263 5.559559733779342 0.08411287095535684
716 2.892607746300874 5.557947821087307 0.08318213704559538
717 2.8983665859257735 5.548533625072903 0.08334323608626922
718 2.900813908488662 5.567084060774909 0.08430268687920438
719 2.952920591389691 5.599139580020198 0.08257406180793489
720 2.899896096300196 5.590803000662062 0.08527471480408201
721 2.9397365781995983 5.644929607709249 0.08868799738034054
722 2.9802527538052312 5.635797103246053 0.0865859738378613
723 2.880724818618209 5.519827573387711 0.08185307240044629
724 2.887017046963727 5.557994405428569 0.08088573378821214
725 2.8778523957287825 5.551674816343519 0.08177318072153462
726 2.9548172332622387 5.660738896440576 0.08913144593437512
727 2.881587494302679 5.561443995546411 0.08270761074015388
728 3.007086866431766 5.52644106193825 0.08335160322625328
729 2.9246603073897184 5.530517299969991 0.08202708115870203
730 3.0463193390104504 5.778351103817975 0.09141493916373562
731 2.896499715469502 5.566154192995142 0.08544416353106499
732 2.9328428639305963 5.559340256231803 0.08348869397822353
733 2.9922238102665655 5.781041538273847 0.09241205336595024
734 2.9106164464244135 5.544023160581236 0.0823049762941621
735 3.093404719123134 5.565029051568773 0.08549734832787956
736 2.8845246544590704 5.536965445235923 0.08368475448892072
737 2.8982787330945334 5.604906386799282 0.08506623341667431
738 2.8847765216120966 5.542660218698007 0.08232612021405387
739 2.9812707856849388 5.543742268173783 0.08302807028370875
740 2.917589788083677 5.576946298281352 0.08539951965212822
741 2.8830905667057745 5.533045927683513 0.08276575144932226
742 2.9044090288656728 5.5321825875176325 0.08238623549954759
743 2.907208603841287 5.567265903508222 0.08199461908252151
744 2.9022193440684565 5.6185490334475485 0.08561212783334432
745 2.875289413664076 5.524254922513609 0.0818878359126824
746 2.9310542345046997 5.626403671723825 0.08535264953281041
747 2.9473787170869334 5.616976111023514 0.08637381427817875
748 2.8844808163466276 5.562626242637634 0.08394661131832334
749 2.9466326854847096 5.643083598878649 0.08611878997611778
750 2.8925083897731922 5.5143343740039406 0.08269350213447103
751 2.880350907643636 5.588722648443999 0.0832517904539903
752 3.0920001047628896 5.901712695757548 0.09453233321093851
753 2.8825536723490113 5.571795317861769 0.08310860247109775
754 2.994831215452265 5.721591490286368 0.08994890373476126
755 2.9646198881997003 5.571064781259607 0.08448829919237781
756 2.946891334321764 5.674179814479969 0.08909109296898048
757 2.894010398122999 5.581245462099711 0.08427127309281517
758 2.8842035708604037 5.597744354495296 0.08379781273780046
759 2.949475352410917 5.683205101225111 0.08659131769780759
760 2.9057695070902505 5.612638305734705 0.08447329627556933
761 2.8940334386295743 5.613623601418954 0.08481648819590057
762 2.8947326408492193 5.533124879554466 0.08144626255940508
763 2.9674978918499417 5.732442286279467 0.088545940057547
764 2.897776875231001 5.62202971511417 0.08475727322338908
765 2.9053802644764937 5.568863895204332 0.08477696496993303
766 2.887627813551161 5.612010324442828 0.08369324590872836
767 2.9000234692185014 5.57748916414049 0.08476361463329306
768 2.902919188693718 5.589980823022348 0.08433646812207168
769 2.911491725179884 5.577766131471704 0.08155044958133388
770 2.936567829714881 5.67793838624601 0.0881107792051302
771 2.8894645902845593 5.527524528680025 0.08061086565808014
772 2.879533897947382 5.511846670398006 0.08201866928074095
773 2.911132611610271 5.6229488408124 0.08431653074782204
774 2.9041593361783913 5.540026642658092 0.08183915219787094
775 2.9586793316735163 5.6739418948138205 0.08749959583359736
776 2.8909871578216553 5.597849885622661 0.08223801975448926
777 2.9079259391184205 5.636817344912776 0.08420421193457311
778 2.8910984970905163 5.580970874539128 0.08447985230358662
779 2.9055297198118986 5.515198711995725 0.08085578266117308
780 2.8906239337391324 5.540093885527717 0.08354017193670626
781 2.930277005389885 5.558729109940706 0.08228326316371008
782 2.9339710540241666 5.599686538731611 0.08612968800244508
783 2.890174247600414 5.538341160173769 0.08304517905883214
784 2.893399715423584 5.521038046589604 0.08204540562022615
785 2.885493380052072 5.583546890152825 0.0831649664927412
786 2.902707470787896 5.58965469289709 0.08589202883066954
787 2.9188391831186085 5.672119312816196 0.0851261221493284
788 2.92047592887172 5.628749171892802 0.08525914540169416
789 2.8803170367523476 5.5606397169607655 0.08133561084805815
790 2.87464643407751 5.520738606099729 0.0812320180789188
791 2.896275805102454 5.536294301350911 0.08265097553117408
792 2.9455995383086027 5.5397701219276145 0.08478781939656646
793 2.874102958926448 5.531217429372999 0.08046819507661793
794 2.897281273647591 5.511580467224121 0.08133756904000486
795 2.9029070955735667 5.614308101159555 0.08162128890830057
796 2.88589824129034 5.57345993872042 0.08294562226230348
797 2.8799790740013123 5.528105347244828 0.08364203448096912
798 2.9237976471583047 5.55018127406085 0.08200283941847307
799 2.912477170979535 5.645745330386692 0.08573463500511867
800 2.871330095662011 5.514954500728184 0.08091971164362298
