100 4.6086224968786595 7.9353495792106346 0.12326503155270109
200 4.394301695956124 7.6720075099556535 0.11991576829718219
300 4.378134732996976 7.53369700467145 0.11745997002624252
400 4.353256086508433 7.6654051983797995 0.11199149773973557
500 4.022953257516578 7.180357292846397 0.11403468354708618
600 4.028264295171808 7.297516315071671 0.1110961510696345
700 3.915490445163515 6.987665885024601 0.11244569325612651
800 3.833512446394673 7.001387331220839 0.10924753460481211
900 3.794641641555009 6.811411171047776 0.1096952394409864
1000 4.011282170260394 6.876957326023667 0.11107149927152528
1100 3.7908615646538912 6.749029336152254 0.10995833553304826
1200 3.7788766743960203 6.824310503624104 0.11227418263270347
1300 3.791227540484181 6.776647843696453 0.11647320857823447
1400 3.6392298671934338 6.7384835569946855 0.10507787017289687
1500 3.6550212049925768 6.835947626166874 0.10213265800848603
1600 3.606339697484617 6.67991069290373 0.10518219292646756
1700 3.6415023329081357 6.7730171901208385 0.10349343736069622
1800 3.6790906897297613 6.669225999602565 0.10419916261539415
1900 3.587794402131328 6.624341942645885 0.10442822709403655
2000 3.566778908173243 6.589352541499668 0.10284793989180967
2100 3.599755894254755 6.594962440155171 0.10525053601574015
2200 3.59967682979725 6.622850404845344 0.10628503064314525
2300 3.5788265256970018 6.532204570593657 0.10474746934724627
2400 3.5372511601006544 6.56536665669194 0.10145803589235854
2500 3.5840237195845 6.54498611997675 0.10312997011674775
2600 3.573680692248874 6.442655978379427 0.10195006099012163
2700 3.499487084371072 6.459020870703238 0.10188261355721841
2800 3.5373176590160087 6.495310419135624 0.09907053793883985
2900 3.496045545295433 6.451576862070295 0.10147312538767303
3000 3.5157151067698442 6.4357177394407765 0.10250850694461001
3100 3.515693559690758 6.366227670952126 0.09920994242377303
3200 3.506921331087748 6.303063136559945 0.10150563532348585
3300 3.511576560912309 6.290675326629922 0.10170089689738772
3400 3.4540666584615356 6.278857368010062 0.10021259421827616
3500 3.441349591369982 6.313368863529629 0.09710143975637577
3600 3.4463759186091245 6.305767840809292 0.10096143800075408
3700 3.4326625532574124 6.301943284493905 0.09888062210477612
3800 3.460423669329396 6.337199952867296 0.09793300837002418
3900 3.4342008266184063 6.253195601480979 0.09723981606118658
4000 3.4218034589732134 6.276012087309802 0.09747314411732885
4100 3.4245139713640564 6.2301863763067455 0.10074526242290933
4200 3.456077156243501 6.291044422873744 0.10327629396622931
4300 3.4405971754480293 6.225308329970749 0.09680702825318332
4400 3.4141861917795957 6.241187912446481 0.09907327245713936
4500 3.450846094776083 6.216934051778582 0.09731710641817362
4600 3.3909430117518813 6.238031720673597 0.09691555272028954
4700 3.4249277457042977 6.308980771788844 0.09552601166069508
4800 3.397422382125148 6.171281947029962 0.09715592721477151
4900 3.402675457574703 6.169284063356894 0.0982048421477278
5000 3.4094330646373607 6.165509828814754 0.09778862622463041
5100 3.379775498752241 6.190726971184766 0.09735351102426648
5200 3.456685624740742 6.187860725102602 0.10441580533774363
5300 3.414061982322622 6.193552597805306 0.0997074004435153
5400 3.400604397058487 6.141169333899462 0.09863835105810452
5500 3.3589180332643016 6.149326783639413 0.09568497402317545
5600 3.3627266276765755 6.117774113460824 0.09548406158056524
5700 3.3672851577953056 6.147855858008067 0.0979459644122808
5800 3.377655925574126 6.182956126001146 0.09385309587405236
5900 3.352016536173997 6.150324870038916 0.09490302913925713
6000 3.3796415913988045 6.150917165809208 0.10027684359293845
6100 3.393926724239632 6.126106021580873 0.09840016154986289
6200 3.3653792131830147 6.146863049930996 0.0967627305675436
6300 3.3303580780824027 6.088395010541986 0.09555694890312022
6400 3.321346248741503 6.100987271026328 0.09552754309994203
6500 3.339347063391297 6.055652218836325 0.09678279908580913
6600 3.3271800886701652 6.09058055612776 0.09537636781870215
6700 3.340931310697838 6.039160810135029 0.09519560078021001
6800 3.3295591197631977 6.107069426112705 0.09702629361439634
6900 3.333121577898661 6.005400015248193 0.09794109618222271
7000 3.318079859018326 6.085580569726449 0.09473870137568426
7100 3.3045706241219133 6.026127680584237 0.09508198273747608
7200 3.2967720219382532 6.047966215345594 0.09462750032199202
7300 3.348135068460747 5.9688822693294945 0.09983034890696958
7400 3.31757813360956 5.938645632178695 0.09524059369815169
7500 3.2752063042587705 5.9763548374176025 0.09403019934823667
7600 3.283090497608538 5.9675289304168135 0.09431649591014893
7700 3.26583731174469 5.965138137340546 0.09528933527568977
7800 3.265129386274903 5.9428878625233965 0.09516641811502201
7900 3.2712938564795033 5.949673427475823 0.09454985620040032
8000 3.2897027929623923 5.908772477397212 0.09443023816371958
8100 3.2717338965998755 5.913385910016519 0.0943255799960483
8200 3.2937086114176997 5.907504538695018 0.09502814109954569
8300 3.2441751095983715 5.932098183366987 0.09435240970924497
8400 3.258261412382126 5.966909457136084 0.09256293046874581
8500 3.2525794395694025 5.925533265979202 0.09241943637392035
8600 3.23916056310689 5.923843006292979 0.09197974850044206
8700 3.257379847544211 5.96526316801707 0.09329514952238512
8800 3.2455374112835638 5.886135262471658 0.09531162925823419
8900 3.226606595295447 5.9236218267016945 0.09378804359585047
9000 3.258727378315396 5.969640332239646 0.09245230647286883
9100 3.287344185290513 5.943472308141214 0.09710404951194371
9200 3.244991529870916 5.857648655220315 0.09542720456159225
9300 3.2517442449375435 5.873763373604527 0.09413844586729452
9400 3.218475224795165 5.854464489000815 0.09281184413918743
9500 3.2034526732232838 5.858520490151864 0.09272130213125988
9600 3.2082831616754883 5.875824327822085 0.09264191148664665
9700 3.2232621676392026 5.827499160060176 0.09371354779297555
9800 3.192914092982257 5.83578939570321 0.09210159032847043
9900 3.199347679261808 5.878902422057258 0.0915415237519752
10000 3.2162933195078813 5.822872270036627 0.0912120638380724
10100 3.213344231799797 5.885546147823334 0.09073206599525831
10200 3.2123910652266607 5.8442522309444564 0.09530559692669797
10300 3.1853200274485127 5.87834749839924 0.09056286051593444
10400 3.2061585276215165 5.886070973343319 0.0917486743139172
10500 3.1922387734607414 5.862836634671247 0.0918747530905185
10600 3.1938239578847534 5.841195985122964 0.09300794866349962
10700 3.231886918897982 5.868865169860698 0.09699867079379382
10800 3.1851873762077756 5.8549425734414 0.09271630489577849
10900 3.198197817360913 5.809630530851859 0.09153220880155762
11000 3.2389347862314293 5.866975841698824 0.09418889298966085
11100 3.2628714442253113 5.900009177349232 0.09932335254011883
11200 3.1941448549429574 5.84756099957007 0.09443223526425383
11300 3.2855300781903445 5.8157105026421725 0.0934627545411112
11400 3.2046653164757624 5.781499842802684 0.09459091959245226
11500 3.234067272256922 5.918955385684967 0.09466122459896185
11600 3.172497784649884 5.819835080040826 0.09077340471385806
11700 3.168017015413002 5.782731623561294 0.09222599845034657
11800 3.1881791430490987 5.813449464462422 0.09461755959179115
11900 3.1957994644288665 5.891028159194523 0.0956460801643078
12000 3.1687022182676525 5.792622197557379 0.08945857400626496
12100 3.1521866266374237 5.7966603791272195 0.09091419702464784
12200 3.169473660212976 5.847885738920282 0.09163673404880145
12300 3.1430543705269143 5.764371132409131 0.09100050872398747
12400 3.156715233016897 5.805978638154489 0.09162405291917147
12500 3.1723793104842857 5.792197086192943 0.09096860033632428
12600 3.150557064347797 5.790560404459636 0.08895140819044577
12700 3.156156482519927 5.78763105030413 0.09254047743700168
12800 3.1637530911851814 5.808264372525392 0.09151760866451594
12900 3.15726536070859 5.747764198868363 0.09141616269739138
13000 3.1846936411327786 5.794618237901617 0.09436515979123888
13100 3.139014160191571 5.795164397469273 0.09172824904736546
13200 3.1657201051712036 5.764225895758028 0.09071232026649846
13300 3.1375421042795533 5.767917449827547 0.08998796185133634
13400 3.1521029671033225 5.72723189106694 0.09117983735200984
13500 3.139131349545938 5.826636791229248 0.08945153148292943
13600 3.1282064815362296 5.771670553419325 0.08818913721996877
13700 3.171279023090998 5.860664990213182 0.09186708561524197
13800 3.136382547793565 5.795791270556273 0.09059910962565078
13900 3.1397675419295275 5.789987034267849 0.09123641002440343
14000 3.146707981824875 5.781027328085016 0.09125390269414142
14100 3.1281620451697596 5.764784541394976 0.09184712695854681
14200 3.1304045849376254 5.802482072953825 0.09113277588039637
14300 3.1251540029490434 5.7065475163636386 0.09063986385310138
14400 3.122648775577545 5.718412902620104 0.0907875479336966
14500 3.1325803719185017 5.749466269104569 0.0900538390053919
14600 3.1431048247549267 5.7616066358707565 0.09441147696364809
14700 3.107244806157218 5.744458024148588 0.08842731479348408
14800 3.149035260633186 5.786479124316463 0.09295364608988166
14900 3.1300297567137965 5.7209765933178085 0.08955796430301335
15000 3.132725131732446 5.742455118232304 0.09026513310770194
15100 3.142195012834337 5.760724427523436 0.09033935811991493
15200 3.131523287958569 5.816231553201322 0.0880252325700389
15300 3.142857685133263 5.838602984393084 0.09013486634594975
15400 3.1717165697503975 5.7701270249154835 0.09058490962962862
15500 3.1171521754176528 5.752841110582705 0.0880949315097597
15600 3.1397486836821944 5.804375524874087 0.08901083931602814
15700 3.144496646192339 5.8631009393268165 0.08922690001350862
15800 3.1498948865466647 5.788077213146068 0.08943541727408215
15900 3.1484256375719 5.816158782552789 0.0902535146171296
16000 3.125590134550024 5.807861745357513 0.08996099707911964
16100 3.135060377694942 5.77545021198414 0.09173034774829392
16200 3.09246575721988 5.688681922577046 0.08970787624518077
16300 3.108460988159533 5.766495607517384 0.08958643781780093
16400 3.094005496413619 5.721895650581077 0.08768538201089811
16500 3.096183517464885 5.7293993918984025 0.08878053555747976
16600 3.109805046408265 5.754148648844825 0.0884717420881821
16700 3.1127687195936837 5.7341914331471475 0.08895286445126489
16800 3.1225530825279377 5.755416013576366 0.08713406922847584
16900 3.1178081543357283 5.766254308047118 0.08863409456831438
17000 3.1489079197247825 5.762732982635498 0.09353606273523635
17100 3.1281432388005435 5.788592334146853 0.08894680378337701
17200 3.107090484212946 5.746952037016551 0.09000773698574414
17300 3.0863469861171864 5.713406068307382 0.08941774025421452
17400 3.120685597260793 5.7289154264662 0.08765438873389805
17500 3.0805831496362335 5.721674062587597 0.08754681100792906
17600 3.138948267256772 5.7250681320826216 0.09398704684442943
17700 3.113624020859047 5.747047883492929 0.09230362435940791
17800 3.080193050481655 5.731849955187903 0.08757722852061745
17900 3.092268275993842 5.708133536356467 0.08853891603993597
18000 3.104227223881969 5.724399588726185 0.08835884864890466
18100 3.096161268375538 5.720524772449776 0.08905134658777604
18200 3.1096188679889396 5.796189442828849 0.08974097964043419
18300 3.122084011634191 5.792553058377019 0.09237598005199323
18400 3.0733380119005838 5.7072658251833035 0.08874741620901558
18500 3.1015028434771077 5.745067108560492 0.08893313067447808
18600 3.1022297596489943 5.751471958778523 0.0896293572322638
18700 3.080225618901076 5.725696378284031 0.09008400673391642
18800 3.0816565211172455 5.700611977665512 0.08782483066466672
18900 3.0987397653085216 5.754816419548458 0.08961707650235405
19000 3.082365764511956 5.746102653167866 0.08746135603912451
19100 3.1183087527751923 5.770227566913322 0.08849604177737126
19200 3.124416513575448 5.8428054849306745 0.09012481713391564
19300 3.0871288864700883 5.7072886559698315 0.0869960359953068
19400 3.085800999844516 5.691681963426095 0.08867776426659138
19500 3.0757805660918907 5.68119357029597 0.08920169940770224
19600 3.08323547133693 5.712951953764315 0.08817216748785642
19700 3.0625909003946514 5.68166118197971 0.08649373454628168
19800 3.0689606147783772 5.695265251177329 0.08724075266056591
19900 3.062458456666381 5.68388009292108 0.08717780301554336
20000 3.0591551142710225 5.659597226866969 0.0880112292210537
20100 3.0887965195708804 5.699387241292883 0.0900874677700577
20200 3.1186221230913094 5.803105367554559 0.0908359222424527
20300 3.08779439330101 5.727476128825435 0.08835748019110826
20400 3.064731417982667 5.671353567529608 0.08929070462990138
20500 3.0870857216693737 5.749986803090131 0.09032840173070629
20600 3.1094668915978185 5.76985024522852 0.08612727672206583
20700 3.054604878028234 5.676541425563671 0.08718673514064264
20800 3.078002048863305 5.723862904089469 0.08872133246795447
20900 3.081375683899279 5.721995793007038 0.08723839441383327
21000 3.0673548855163433 5.681816319624583 0.08515074945710323
21100 3.0774214455374964 5.724355481289051 0.09059766592043969
21200 3.0928078834657318 5.751611106925541 0.0879661688339655
21300 3.076078588211978 5.7078967624240455 0.08571281691116316
21400 3.0739396424205214 5.654427422417535 0.08792507274214316
21500 3.0637787845399647 5.666093654102749 0.08828484910298828
21600 3.1116730206542544 5.827124012841119 0.08730708090243516
21700 3.0736911672132985 5.741054596724333 0.08743647323852335
21800 3.0494025724905507 5.670160386297438 0.08826537747625951
21900 3.0676105430832616 5.701147792515932 0.08951982022780511
22000 3.0554314940064042 5.676339752144283 0.08655481547531155
22100 3.038938930741063 5.63329580978111 0.08682501222938299
22200 3.0463712910811105 5.689273416996002 0.08671983436646837
22300 3.062796618099566 5.715644277908184 0.0855244588865726
22400 3.061259963998088 5.678180701202816 0.08875446031904882
22500 3.0441001764050237 5.671983010239071 0.0884538727329561
22600 3.0553809062198356 5.657336656694059 0.08718869623003735
22700 3.07237465955593 5.69411239138356 0.08808597101381531
22800 3.0496736566225686 5.6594122714466515 0.08673658949771414
22900 3.057766443049466 5.594503025213878 0.0871773700022863
23000 3.0501654975944095 5.697264249678011 0.08743423466674155
23100 3.0401002091390117 5.6622584329711065 0.08608290604833099
23200 3.090902852791327 5.677368746863471 0.08794808960347264
23300 3.046753453987616 5.689090112845103 0.08757496468239913
23400 3.04889804787106 5.659394785209939 0.08827210155626138
23500 3.060424875330042 5.681034443555055 0.08867205741504829
23600 3.0746610550968736 5.718330014635016 0.08767234897930865
23700 3.052372983208409 5.659711881920144 0.0871050957141927
23800 3.0728647631627544 5.714227424727546 0.08660851005050871
23900 3.0529682713526265 5.67878579210352 0.08381043874693138
24000 3.0995043096718966 5.7414606986222445 0.0919972558816274
24100 3.056031192894335 5.645379613946985 0.08755668830471458
24200 3.0798754901797682 5.617551498942905 0.08994598262425926
24300 3.08089882908044 5.632452936084182 0.08813836613532018
24400 3.1072764727804394 5.747945988619769 0.08902375884699049
24500 3.0775390333599515 5.7066643348446595 0.08469994164382418
24600 3.0522791058928878 5.686686582035488 0.08895722517950667
24700 3.065601344461794 5.706508351696862 0.09069084058757182
24800 3.0599536255553916 5.70003084341685 0.08632908833937512
24900 3.059696109206588 5.657344458279787 0.08789183906520959
25000 3.073776066303253 5.698657717969683 0.08708272224154186
25100 3.0336275785057634 5.662214833277243 0.0870307668077725
25200 3.063446488645342 5.685521582762401 0.08492093341838983
25300 3.050487258919963 5.655196750605548 0.08837687262092475
25400 3.0440232113555625 5.644314119109401 0.08889883008130171
25500 3.038156152875335 5.686634224874002 0.08790674001944286
25600 3.090566953023275 5.736335032516056 0.09040240605396253
25700 3.0298672450913324 5.624414439554568 0.08698115484030158
25800 3.0768672945322812 5.689393807340552 0.08547351659379071
25900 3.0418215780346483 5.656741674299593 0.0858572336362192
26000 3.0374947256512113 5.593133595254686 0.0853685033335178
26100 3.069785472419527 5.669239602707051 0.08849160242135878
26200 3.0277119444476233 5.682607511679332 0.08608042716083152
26300 3.0657960099202617 5.6554510196050005 0.08746433211490512
26400 3.029037677579456 5.668986481648904 0.08563513902050478
26500 3.1145090571156255 5.648056381278568 0.08913912879372085
26600 3.0245903884923018 5.6466898476635965 0.08671421545592171
26700 3.030927020090598 5.632156990192555 0.08753188713281243
26800 3.0405783145516008 5.693827812318449 0.08705557889684483
26900 3.03184927172131 5.648139496644338 0.08709725520263116
27000 3.0640077590942383 5.674641456868914 0.08560720967404821
27100 3.07048668022509 5.7297300740524575 0.08730731387105253
27200 3.0308058824804096 5.645590879299022 0.08608878781605098
27300 3.0537041712690285 5.7056537954895585 0.08712524154947864
27400 3.0232107562047466 5.632295849146666 0.08534044698225679
27500 3.0524932874573603 5.7196658960095155 0.08648000260884012
27600 3.062325292163425 5.760268330574036 0.0877693735787438
27700 3.070317600612287 5.730036554513155 0.08741573233985239
27800 3.0340305434332953 5.5965737523855985 0.08820741004483015
27900 3.0541386162793196 5.710276581622936 0.08401275096737125
28000 3.056252285286232 5.666731829996462 0.08893294078815314
28100 3.0104591018623776 5.627680754220044 0.08645129709125117
28200 3.0522565929977983 5.7199792442498385 0.08626742445415368
28300 3.070781394287392 5.635680077252565 0.08535216729743061
28400 3.1061635414759317 5.691044878076624 0.09202960692346096
28500 3.072922333523079 5.690813607639736 0.092510136499725
28600 3.075055248207516 5.753419004104756 0.08720766573592469
28700 3.0374848456294448 5.640990877593005 0.0858431207705979
28800 3.029739127114967 5.656522342452297 0.08739834887630961
28900 3.0316828080901392 5.673405249913533 0.08863717853953992
29000 3.026165512976823 5.682538259912421 0.08508805294210713
29100 3.027353154288398 5.634076811649181 0.08728272571331924
29200 3.0634347332848444 5.640427750569803 0.0867153446328033
29300 3.0344252277303627 5.623334339371434 0.08614101533398584
29400 3.0157125503928572 5.658162236213684 0.08724940366422136
29500 3.029534492227766 5.628752236013059 0.08696506355233767
29600 3.0495358208815255 5.691485943617644 0.08493340336200264
29700 3.046924864804303 5.612414790524377 0.08531521829879946
29800 3.0593237347073026 5.700533571066679 0.0881435379765376
29900 3.031603647602929 5.657959896105307 0.08519383228418452
30000 3.044521301984787 5.626409645433779 0.08682024866963427
30100 3.0456004793997162 5.669179781719491 0.08609341999032984
30200 3.056987052714383 5.650542179743449 0.08810977313529562
30300 3.038038320011563 5.681446104137986 0.08569417555850965
30400 3.0195130010445914 5.602303460792259 0.08760159954221712
30500 3.0439438356293573 5.613704420902111 0.08696576654566107
30600 3.015201910778328 5.632152034176721 0.08653649180713627
30700 3.0279918577935963 5.64401940063194 0.08421825588232389
30800 3.0288860621275724 5.650915794902378 0.08563619112181994
30900 3.028623304985188 5.658556686507331 0.08544490457064023
31000 3.024762272834778 5.669531382896282 0.08509855489763948
31100 3.030845102336672 5.680633207162221 0.0863414256212612
31200 3.046727236774233 5.728586828267133 0.08585976278064428
31300 3.020466140022984 5.612925695048438 0.08592982072797087
31400 3.0707085850062192 5.753845647529319 0.08437937010010635
31500 3.031977649088259 5.636514195689449 0.08878150408121722
31600 3.040859014899642 5.64980896976259 0.08875734736728999
31700 3.051241957479053 5.657812390062544 0.08447036243699214
31800 3.035517586602105 5.628812732519926 0.08708294355138033
31900 3.0086593197451696 5.622554116778904 0.08634383314185673
32000 3.005922499630186 5.661372288509652 0.08607826126670395
32100 3.050212292759507 5.660554000624904 0.08910924960272731
32200 3.024739272064633 5.646801186932458 0.08572968697451332
32300 3.0323607082720154 5.684135792432008 0.08443523538126438
32400 3.0016820474907204 5.60854869639432 0.08381258977439117
32500 3.025541421439913 5.6807176227922795 0.08715916895825002
32600 3.0237673355473413 5.6090845487735885 0.08645377444379308
32700 3.068147421986968 5.68499794933531 0.0873019306368574
32800 3.014725465465475 5.615672723010734 0.08697997978715985
32900 3.026690807607439 5.657668634697243 0.08824469083575187
33000 3.04626233820562 5.617373930083381 0.08932501043158549
33100 3.0271541906727686 5.649784882863362 0.08609021356743243
33200 3.0292597589669406 5.65574609791791 0.08730547692350767
33300 3.023291420053553 5.572807751320027 0.0862415750786938
33400 3.043748054239485 5.634888423813714 0.08500554519533007
33500 3.010270638598336 5.638835544939394 0.08532693349169912
33600 3.0332348490202867 5.676940423470956 0.08785295419188009
33700 3.042062567340003 5.643026053905487 0.08750075595108447
33800 3.0209774706098766 5.628877721450947 0.08608926015181674
33900 3.024102627127259 5.564421541161007 0.0850924876070133
34000 3.021185452187503 5.6799117083902715 0.0847529330532308
34100 2.9992363309418715 5.622080189210397 0.08457212995185896
34200 3.0103201457747706 5.65959648070512 0.08726725575548631
34300 3.02266898088985 5.590437469659029 0.08680922946789199
34400 3.0155858827961817 5.628147602081299 0.08588958778246134
34500 3.0190088053544364 5.5800346687988 0.08441890117332891
34600 3.050994997775113 5.719289201277274 0.08529287238639814
34700 2.9877300483209117 5.5893049681628195 0.08384024983064996
34800 3.060932531400963 5.651412619484796 0.09151461637682384
34900 3.0495606086872242 5.68243576420678 0.08898569819413954
35000 3.075976961188846 5.6041844089825945 0.08520708740171459
35100 3.010733112140938 5.631248059096159 0.08531149485389944
35200 3.083162733802089 5.587576488653819 0.08893230103853124
35300 3.032539641415631 5.611568771026753 0.0859145746152434
35400 3.029785458688383 5.649192659943192 0.08700691727507445
35500 3.032997027591423 5.665189308148843 0.08750463787604261
35600 3.0852325757344565 5.755127544756289 0.09098974022048491
35700 3.0226644343800015 5.6543490290641785 0.0839573046606448
35800 3.0111558547726385 5.5884458996631485 0.0854649232286546
35900 3.037740406062868 5.575234949588776 0.08751382095808233
36000 3.047097166379293 5.650323121636002 0.091244427797695
36100 3.0358281621226557 5.685418956809574 0.08590462548589264
36200 3.026538473588449 5.65806621754611 0.08586869742376385
36300 3.0105907056066723 5.652530619391689 0.08498796817191222
36400 3.023320682622768 5.640994071960449 0.08809693644030227
36500 3.0469426777627735 5.68952700164583 0.08556848383267168
36600 3.022041277752982 5.581388683230789 0.08490356216552081
36700 3.0210081107086606 5.615350343562938 0.0870603789333944
36800 3.042934372469231 5.697714569392027 0.08851664699614048
36900 3.0163708086367005 5.586975662796585 0.08546794511170851
37000 3.032881560149016 5.723620564849289 0.08361698562900226
37100 3.0695687112984835 5.658482562612604 0.09146485298320099
37200 3.001198476111447 5.629112237029606 0.08309675692753107
37300 3.0206794142723083 5.67991097105874 0.08716685668116918
37400 3.001651710934109 5.5869931799394115 0.0857663457799289
37500 3.019097023540073 5.609911613994175 0.08521304779720527
37600 3.0303958731668965 5.687988623424813 0.08555730640957201
37700 3.0436855962982885 5.706874997527511 0.08508765209397232
37800 3.0263776459075786 5.673181023862627 0.08539131637317715
37900 3.011511579707817 5.646342624116827 0.08660313949264863
38000 3.02566373679373 5.618700753759454 0.08539437742351934
38100 2.9864417943689556 5.581699119673835 0.08364554861974385
38200 3.0076994123282255 5.638790680302514 0.08457958818999706
38300 3.025779692111192 5.5701944452744945 0.08680463152834111
38400 3.0289100816956274 5.584894829326206 0.08663595134944276
38500 2.982745670610004 5.596392022238837 0.0854155210847104
38600 3.0327835469334214 5.646309711315014 0.0874541876492677
38700 3.0020611959475056 5.616903013653225 0.08484256714237509
38800 2.9950521886348724 5.585876866623208 0.08334625686553342
38900 3.0250366506753146 5.668448755034694 0.08680944594865043
39000 3.006905405609696 5.628327970151548 0.08391789512501822
39100 2.9936361522586257 5.568913225774412 0.08536331621171148
39200 3.0224522705431336 5.64270963050701 0.08351294504892495
39300 3.0683146792429463 5.728234529495239 0.09047640108123974
39400 3.039397041002909 5.579679098394182 0.08696760373465993
39500 2.994860808054606 5.627034491962856 0.08510256503467206
39600 3.0161589373041084 5.654261597880611 0.08653245857675318
39700 3.0000131163332195 5.616538718894676 0.08388276101538429
39800 3.0171018419442355 5.593871374924977 0.08462068348847053
39900 3.0409390021253517 5.735195340933623 0.0852487270237395
40000 3.0423323026409856 5.654773493607839 0.08635489223524928
40100 3.021082016053023 5.623064447332312 0.08771477919071913
40200 3.0040973358684115 5.601280157212858 0.08591961351878664
40300 3.0140225732768022 5.649131141327046 0.08605351963045972
40400 3.043029611861264 5.714798552018625 0.08470119306541703
40500 2.9719951461862633 5.5534532909040095 0.08395369788976731
40600 3.0274757599389113 5.656339877181583 0.08688671091847398
40700 3.0316011574533253 5.672214960610425 0.08501229509366331
40800 2.987404125708121 5.601139329097889 0.08481031566582344
40900 3.039817241606889 5.606643690003289 0.0866055266448745
41000 2.9958762206413128 5.627286209000482 0.08626446215849784
41100 3.002328783273697 5.583055721388923 0.08670331844715057
41200 2.981110429322278 5.592038565211826 0.08440947417100822
41300 3.021939857138528 5.657969154693462 0.08602468776344149
41400 3.07962738805347 5.569232768482632 0.08874275531895735
41500 2.9964072671201496 5.6159608319953636 0.0856216904465799
41600 3.0012056993113623 5.638174836282377 0.08480427398656805
41700 2.9817934279088623 5.529905868901147 0.08498053247522977
41800 3.009792262757266 5.563707188323692 0.0853593179749118
41900 3.011822884833371 5.629240936703152 0.08462446398550162
42000 2.9895718042497283 5.646165869854115 0.08476581929803446
42100 3.010270216950664 5.615126559027919 0.08547447171683113
42200 3.094055570937969 5.7595598145767495 0.08418187462828225
42300 3.010266343752543 5.6314537834238125 0.0872448959077398
42400 3.004216844284976 5.643591426036976 0.08353694911218351
42500 3.0705904651571205 5.630928337574005 0.08535230947934368
42600 3.0093901179454945 5.540233166129501 0.08532588908241855
42700 3.0157179501321583 5.6639804398572 0.085279849599357
42800 2.997208687994215 5.636899257147753 0.08457659483300867
42900 2.9969584102983826 5.614134172598521 0.08316854096052272
43000 2.9956998935452215 5.635133703549703 0.08467596548574942
43100 3.000365580673571 5.6479402890911805 0.08420047224326818
43200 2.99882905681928 5.5625065918321965 0.08590879662100363
43300 2.9898773718763283 5.62109672581708 0.08524573173511911
43400 3.06133923596806 5.7468917612676265 0.08741048823490187
43500 3.0123019792415477 5.625729587343004 0.08522427544273713
43600 2.9953124788072376 5.633878215595528 0.08627202608450144
43700 3.0160138684290425 5.68561264762172 0.08358629244483179
43800 3.007710794607798 5.593824903170268 0.08463293193253102
43900 3.0360871111905134 5.72843560245302 0.08616375002182192
44000 2.995522818079701 5.560414356214029 0.08606191812497047
44100 3.004502808606183 5.55870654185613 0.08569700279514547
44200 3.016298677082415 5.655008580949572 0.08421190579732259
44300 3.0124186906549664 5.637148428846289 0.08752539612490821
44400 3.010647037514934 5.576425600934912 0.08545765522177573
44500 2.9906515545315213 5.625532289346059 0.0844233642435736
44600 3.0455875716827534 5.620337386926015 0.08674134377873054
44700 3.0217435779394926 5.633849483949167 0.08661371807533282
44800 3.057965660536731 5.539266738626692 0.08599222956777171
44900 2.98421651897607 5.5747841066784325 0.08451084771917926
45000 3.029758549398846 5.657033099068536 0.08492067568349065
45100 2.9831632530247725 5.585817394433199 0.08384147657219458
45200 2.9826759144111916 5.58943525729356 0.08422869768131662
45300 2.9774762988090515 5.537067024796097 0.08485087524685594
45400 2.97780266073015 5.541288448704614 0.08559673576167336
45500 3.037935566019129 5.679103546672398 0.084534946863574
45600 2.9781335801989943 5.620081859606284 0.08509397213519723
45700 2.9699896474679313 5.59567783496998 0.08544096328249132
45800 2.9835537914876586 5.605117040651816 0.084298610256088
45900 3.023451507091522 5.612680474917094 0.08658239447201292
46000 3.002722689399013 5.617356240749359 0.08382234724100542
46100 3.006966373434773 5.642732035230707 0.0877455863584247
46200 2.9907438589466944 5.662527673774296 0.0852128988545802
46300 3.0454582660286516 5.605946337735212 0.0871181187081944
46400 2.9766169245596283 5.584433312769289 0.08551404775223798
46500 2.9901597466733723 5.562713141794558 0.08655995992874657
46600 2.9627926261336714 5.513091650274065 0.0845023492799589
46700 2.9802493386798434 5.561059302753872 0.08396970354779451
46800 3.008998221821255 5.622411138481564 0.08463744903673176
46900 2.9768234060870276 5.556836794923853 0.08259254850930085
47000 3.019715349983286 5.544888132148319 0.0869297422123728
47100 3.028498192628225 5.663720298696448 0.08201181890304994
47200 3.008391937723866 5.548092972349237 0.08736490025357516
47300 3.010391053226259 5.597078497763033 0.08517031940735048
47400 2.989062832461463 5.5055143082583395 0.0847457339124823
47500 3.018879618909624 5.668389393223657 0.08844231636504885
47600 2.989267353658323 5.617015260237235 0.08585254842829373
47700 2.98910520474116 5.5658772035881325 0.0876323598333531
47800 3.014563588080583 5.51760353423931 0.08614073930032275
47900 2.970839154941064 5.56048905187183 0.0846041893000128
48000 3.027582440111372 5.723762335600676 0.0857751173036242
48100 2.9899671464054673 5.596816586123572 0.0847484942663599
48200 2.987001453284864 5.6427219774987964 0.08561035895858098
48300 2.984777409721304 5.5748598840501575 0.0868502267015477
48400 3.017784795275441 5.568852033880022 0.08768042740929458
48500 2.9814655593147985 5.5927183164490595 0.08450111457043225
48600 3.0670332831365092 5.647707709559688 0.08483565472825258
48700 3.024477634165022 5.603232809790859 0.08318568716101625
48800 2.987475241775866 5.583711741147218 0.08360683573064981
48900 3.0163488189379373 5.560572394618282 0.0832906385400781
49000 3.001809838745329 5.654844493777664 0.08484024366501856
49100 2.979682001802656 5.565951806527597 0.08319997394250499
49200 2.9863258180794894 5.620087758258537 0.08658644748437735
49300 3.021407030246876 5.555727673901452 0.08543323649576416
49400 2.9846482552863933 5.603274517589146 0.08510288421961444
49500 3.009201102786594 5.674739407168494 0.08276437945594942
49600 2.9776829569428056 5.511568892885138 0.08460653200745583
49700 2.96022257760719 5.537162193545589 0.0827254268547727
49800 2.9635110320868314 5.545225578325766 0.08607229857740027
49900 3.0298151119991585 5.635379857487148 0.08889896762384861
50000 3.009709073437585 5.584991249773237 0.08805435878673086
50100 2.9784592257605658 5.56579961820885 0.08400538855197805
50200 2.986532093198211 5.539168428491663 0.08586879191851174
50300 2.9945132732391357 5.61378194226159 0.08331307525643045
50400 3.0382335484027863 5.510546037444362 0.08476825974260767
50500 2.9870712757110596 5.595103740692139 0.08616821055679962
50600 3.000456643325311 5.597320572093681 0.08755502408301388
50700 2.9662709247182915 5.605486664507124 0.08334142612983231
50800 3.017635455837956 5.534938017527263 0.0838799724113886
50900 2.9581403301821814 5.539819214079115 0.08447247405570966
51000 2.997821780266585 5.549430655108558 0.08322528365102631
51100 2.97334764290739 5.530664730955054 0.08332807410301434
51200 2.9743071319880308 5.608069547900447 0.08486699395709568
51300 2.975805429396806 5.507035738892025 0.08536003242005352
51400 3.0091928718266665 5.572022369614354 0.08806993181092872
51500 2.9616525570551553 5.5110144858007075 0.08424277087949493
51600 3.0350019722073167 5.608120364171487 0.08568496050106154
51700 3.005203507564686 5.582251610579314 0.08534438883954729
51800 2.9969355993800693 5.588974012268914 0.0852168712730485
51900 3.0094468141043627 5.585415261763114 0.08692415851961684
52000 2.970818360646566 5.5913648848180415 0.08366341538796271
52100 3.0175442982603005 5.617866615454356 0.08955721803768366
52200 2.9811428167201854 5.597006808828424 0.08260725661077434
52300 2.973754526288421 5.585329735720599 0.08355438769622534
52400 2.967645713576564 5.591313404065591 0.083425372838974
52500 2.962451583809323 5.552060988214281 0.08257412655210053
52600 3.038546214501063 5.696452904630591 0.08543108165678051
52700 2.9715578335302846 5.567115097134201 0.08254315057355496
52800 2.999603119161394 5.559426142109765 0.08567277090279041
52900 2.996063362669062 5.561988437617266 0.08467496265829713
53000 2.9722440010971494 5.606900175412496 0.08462418063923165
53100 2.9749506789225117 5.52934166457918 0.08362533885088784
53200 2.9577403200997248 5.551437739972715 0.08339502282992557
53300 2.976328467881238 5.595567857777631 0.08567082825013334
53400 2.965624585195824 5.554510878192054 0.0828934531589901
53500 2.965005777500294 5.590494793874246 0.08279923075396153
53600 2.9743381793852204 5.5809157534881875 0.0861343770046477
53700 2.9668389128314123 5.582957495141913 0.08288061717111203
53800 3.015182140800688 5.584855028876552 0.08744945639261494
53900 3.0594093280809895 5.597535318798489 0.08806083767019489
54000 3.006736295090781 5.584867437680562 0.08321970270049793
54100 2.999401760322076 5.61344012286928 0.0816367273391397
54200 2.9655442568990917 5.577809914394662 0.08402139503784754
54300 2.9707360565662384 5.571814353819247 0.084741470783397
54400 2.9673147289841264 5.591495641955623 0.08469362072301684
54500 2.983392143691028 5.637536724408467 0.08328698772109216
54600 2.9578689127056688 5.510291128246872 0.08392207303808795
54700 2.9909669668586165 5.613214424362889 0.08381697706257303
54800 2.982847342888514 5.595226301087274 0.08847792494904112
54900 2.9626883610531136 5.539800650543636 0.0843477592010189
55000 2.9601624773608313 5.576502989839624 0.08279469071163072
55100 2.9862822934433266 5.502424268810837 0.08351290131125737
55200 3.027687570563069 5.576426393455929 0.0845299468341249
55300 2.992532135159881 5.55067253112793 0.08411122003087292
55400 2.9946826100349426 5.600966981163731 0.08468604439662562
55500 2.9689791666136847 5.582871242805764 0.08360409879781029
55600 2.974484473466873 5.571701175636715 0.08597891162046128
55700 2.997828162378735 5.65528502729204 0.08395500988182095
55800 2.9791565272543163 5.579042275746663 0.08347719169601246
55900 2.958103640211953 5.5584799801861795 0.08315296129633983
56000 3.0130898279172404 5.6288829600369485 0.0809049459381236
56100 2.983177946673499 5.561007954456188 0.08681261091044655
56200 2.9629225697782307 5.563543728104344 0.08444095427101408
56300 2.9729253583484225 5.594558629724714 0.0838741685298306
56400 2.94274714368361 5.495941658814748 0.0824402606425186
56500 2.9502654859313258 5.540823309509842 0.0833493466489017
56600 2.9676612825305373 5.536318882747933 0.08484373993619725
56700 2.9648634173251964 5.54658822660093 0.08403647830709815
56800 3.011201191831518 5.553099014140941 0.08776836024804248
56900 2.9688493410746255 5.542933013704088 0.08238283589620281
57000 3.0039976437886557 5.651852905750275 0.08576641983732029
57100 2.9970022903548346 5.519336786535051 0.08408473083680426
57200 2.9760919246408672 5.542075563360144 0.08328496442279881
57300 2.9647283730683505 5.518162789168181 0.0859104558756506
57400 2.9654010479097015 5.578756712101124 0.08314657723531127
57500 2.980887438412066 5.529639959335327 0.08527201377890176
57600 2.977247695128123 5.61041009205359 0.08302672384996657
57700 3.0754294152613038 5.644546268162904 0.0879281928797287
57800 2.9615143758279308 5.564537247021993 0.08569228433555474
57900 3.014274137991446 5.574873816083978 0.08582975137633858
58000 3.004926128519906 5.593427898707213 0.08517991822143947
58100 2.9795868584403284 5.517580864606081 0.08428609866166005
58200 2.977319590471409 5.554548528459337 0.0864295739232114
58300 2.957620507037198 5.572529766294691 0.08507877598620123
58400 2.9847182786023176 5.551065120432112 0.08517571830156224
58500 2.9747422392721528 5.583564786999314 0.08483041886723151
58600 2.9706855294881045 5.555921430940981 0.08332792733347526
58700 2.964118371407191 5.577419340610504 0.08309746024854205
58800 2.9561664451051644 5.507483436001672 0.08396892661780671
58900 2.9919578819363206 5.639554679393768 0.08073136929629578
59000 3.00478685454086 5.612305457945223 0.08456410239968035
59100 2.983351707458496 5.646997098569517 0.08431886628063189
59200 2.9770347674687705 5.574197173118591 0.08500675672527265
59300 2.9726982193964497 5.588900146660982 0.08529163852196049
59400 3.003350023870115 5.566443043726462 0.08412805054750708
59500 2.954640923826783 5.494901043397409 0.08504246535745484
59600 2.977554777154216 5.6104453824184555 0.08366538470404015
59700 2.9777556867511183 5.532379960572278 0.08507190775816087
59800 2.968185915991112 5.598502095098849 0.0823987915215117
59900 2.989502356008247 5.635856646078604 0.08291161110348723
60000 2.955325116713842 5.513013197316064 0.08207252192207509
60100 3.0472895017376653 5.654682594316977 0.08649124791500745
60200 2.9609918097654977 5.568700174490611 0.0828730178548506
60300 2.973791049586402 5.611459297162515 0.08111231377417291
60400 2.95983389461482 5.548685533029062 0.08527802260316632
60500 2.980437279851348 5.557107936452936 0.0841753464192152
60600 2.9645582691386894 5.542682800028059 0.08590324443799478
60700 2.962907905931826 5.5339683735812155 0.08560955483052465
60800 2.956875976588991 5.573465722578543 0.08295491737899957
60900 2.9745146698421903 5.615091566686277 0.08484158194106486
61000 2.9733460302706116 5.542438743291078 0.08477264377116053
61100 2.981354362434811 5.550131095780267 0.08575938209132464
61200 2.97441832224528 5.557543540442431 0.08437497781037732
61300 2.9543039798736572 5.526116790594878 0.08542898185206232
61400 2.9805377887354956 5.530253873931037 0.08490600060947516
61500 2.962524770586579 5.5701457195811805 0.08483214498739
61600 2.951456284081494 5.562045571980653 0.08584359434812709
61700 2.9509154083552183 5.560173222312221 0.08316186894835145
61800 2.9562795802398965 5.605993824976462 0.0829338255269384
61900 2.997072184527362 5.6551041271951465 0.08513929791472576
62000 2.9511421543580516 5.559711562262641 0.08285317099135783
62100 3.0029768723028676 5.629605405860477 0.08441825116191197
62200 2.9960813334694616 5.648769464757708 0.08604910897297992
62300 2.954923760007929 5.521151706024453 0.08318313825185653
62400 2.9478462283258087 5.544993093720189 0.08424560453190848
62500 2.953882591591941 5.549394377955684 0.08178937916333477
62600 2.978306241609432 5.563429594039917 0.08430843862394492
62700 2.987856364912457 5.57534944790381 0.08496253616693947
62800 3.0055784715546503 5.604239203311779 0.08426026846454651
62900 2.9491458711800753 5.55284019752785 0.08400770601023126
63000 2.9982619142090834 5.612729370594025 0.08309333619696123
63100 2.9820330010520086 5.620558434062534 0.08632382376257468
63200 2.9937469749538987 5.620865300849632 0.08472033662514554
63300 2.958961883076915 5.5556521658544185 0.08302360855870777
63400 2.9687396928116128 5.612223150553526 0.0834474049301611
63500 2.9690170928283974 5.516446502120407 0.08405839705287858
63600 2.975390621909389 5.556113404256326 0.08606432752545785
63700 2.9529184721134327 5.507534292009142 0.08483134098006068
63800 2.9748467714698226 5.533150783291569 0.08308713657229587
63900 2.962743252515793 5.497805253223136 0.08324599586841133
64000 2.957314819097519 5.557973954412672 0.08409481126539133
64100 2.9573546603873924 5.487639992325394 0.08435576974793717
64200 2.963523100923609 5.564742256093909 0.08489940172337272
64300 2.943175658031746 5.537715335687001 0.08275746536889562
64400 2.9806086906680354 5.590405393529822 0.08607276801571802
64500 3.0222244991196527 5.553310222095913 0.08864382342262953
64600 2.9883540007803173 5.564693364832136 0.08569473057502398
64700 2.948094637305648 5.526348851345204 0.08229872008302698
64800 3.0407284873503224 5.64377948752156 0.08799301065435564
64900 2.9572990073098078 5.575627605120341 0.08208991264648459
65000 2.989403667273345 5.547405858834584 0.0845853385032603
65100 2.9931231836477914 5.6116137614956605 0.0806827341137385
65200 2.980261860070405 5.573153308144322 0.08379889633161602
65300 2.9575357646853835 5.560615422549071 0.08581038252278059
65400 2.955816257883001 5.509313082253492 0.08447189275520267
65500 2.9994438787301383 5.570880558755663 0.08591211604437342
65600 2.9876481978981584 5.557163178920746 0.087428102011068
65700 2.9685091332153037 5.6086047335907265 0.0841163932863209
65800 3.010559066578194 5.538506735254217 0.08350686778969786
65900 2.9728273727275707 5.534156481424968 0.08418717207732024
66000 2.9733008565726102 5.595403461544602 0.08430388557759148
66100 2.9596416376255177 5.547025629767665 0.08206732853971145
66200 2.956270751025942 5.550492099037877 0.08536464636455532
66300 2.9867052700784473 5.505170340891238 0.0830287243998437
66400 2.9715263733157404 5.532199775731122 0.08766082701859651
66500 3.009843330692362 5.627797140015496 0.08609313388458556
66600 2.9451783498128257 5.540794637468126 0.08297525403193301
66700 2.948789577793192 5.524532499136748 0.08240226187087872
66800 2.963780697849062 5.522405586860798 0.08642880453003778
66900 2.9561859976362297 5.52110320771182 0.08426456620778751
67000 2.955236349944715 5.551021019617717 0.08277883466885046
67100 2.9508041441440582 5.563944979950234 0.08597150600204866
67200 3.0192741420533924 5.535857759140156 0.0822466389896969
67300 3.0222004961084434 5.638798309697045 0.0877013052986176
67400 2.957657082213296 5.523053699069553 0.08101945498061401
67500 2.9554266090746277 5.556825463418607 0.08224769490253594
67600 2.944423963626226 5.55237074693044 0.0837211858101741
67700 2.9652745955520206 5.55173514507435 0.08567846647498233
67800 2.967729514395749 5.595766206582387 0.08543308725994495
67900 2.9617559291698314 5.5732041001319885 0.08553687076049822
68000 2.9603308428216866 5.580266937061593 0.08215396721950835
68100 2.9566394554244146 5.564798708315249 0.08648168987215117
68200 2.9738651227068016 5.540911597234231 0.08263019770728769
68300 3.0265170203314886 5.52887683223795 0.08804074811093786
68400 3.023786214766679 5.729148862538515 0.08132756122008518
68500 2.96155818634563 5.577660280245322 0.08374454650200075
68600 2.982988836588683 5.499388339342894 0.08304177821372394
68700 2.94873849330125 5.573151049790559 0.08429658838927194
68800 2.954430556959576 5.492759686929208 0.0843764235507007
68900 3.0073920797418663 5.607370451644615 0.08074233042835086
69000 2.9682316184043884 5.554590121463493 0.08307670218939031
69100 2.992690916414614 5.536131108248675 0.08146560423214126
69200 3.009240299463272 5.576371921433343 0.09001246129197103
69300 2.949810046840597 5.5550020425407975 0.08499049585036657
69400 2.956572311895865 5.591517953960984 0.08460266410407645
69500 2.9417230398566634 5.546452116083215 0.083552325696305
69600 3.014195768921464 5.53506040793878 0.08491898315993172
69700 3.024425189804148 5.556213721081063 0.08457009840963615
69800 2.9471814268165164 5.555794938846871 0.08544534110222701
69900 2.95551006992658 5.570342542948546 0.08229687844437582
70000 2.9635125122688435 5.53381864671354 0.08397612436157134
70100 2.9252532841982664 5.485830125985323 0.08202077212088087
70200 3.0050378298317946 5.610321075827987 0.0870539531180704
70300 2.94185389302395 5.535787853929731 0.08337339743350942
70400 3.0018170464921883 5.586564395162794 0.0856201105095722
70500 2.9550633000002966 5.554376613210748 0.08347366664006754
70600 2.9659183422724404 5.543606694097872 0.08255556106774344
70700 3.0118809739748635 5.58621186459506 0.08687805753477194
70800 2.9421014697463423 5.544349767543651 0.08181876420146889
70900 2.9725083112716675 5.581242088918333 0.0866552752925566
71000 2.994569835839448 5.529316237679234 0.08153070399054775
71100 2.967255533845336 5.490726841820611 0.08331845888730001
71200 3.0062483096564256 5.560460439434758 0.08519496009857566
71300 2.9463229654011904 5.534664986310182 0.08148739804272298
71400 2.9557619282492884 5.533114817407396 0.08319795771536452
71500 2.956869149649585 5.589532885286543 0.08400021108833176
71600 2.9657931195365057 5.5690861609247 0.0839773228874913
71700 2.9508176567377866 5.5911415727050215 0.08441310570816751
71800 2.9748265621838748 5.5626677517537715 0.08422476046339229
71900 2.9510684819133193 5.496439185407427 0.08359242806694021
72000 2.950385907181987 5.513185304624063 0.08448085466537762
72100 2.9657698494416698 5.571236290313579 0.08379114624457779
72200 3.0135309254681624 5.54423972191634 0.08717791317030787
72300 2.968829575512144 5.6061127097518355 0.0848947285881473
72400 2.939454843600591 5.488816618919373 0.08236702795450886
72500 2.9429592258400388 5.494898592984235 0.08305125942246781
72600 2.9677450535474 5.507362648292824 0.08260046832125496
72700 2.9675919512907663 5.518550148716679 0.08553053097178538
72800 2.9472079089394323 5.4988178721180665 0.08262520330026746
72900 2.99844562013944 5.512021406933114 0.08693199013187378
73000 2.9400281895090035 5.519430630736881 0.08411617070022556
73100 3.005608512295617 5.576435813197383 0.08590381642527602
73200 2.96531969971127 5.538835483568686 0.08455484743333525
73300 2.9767804708745746 5.487811432944404 0.0861569585416604
73400 2.945719132820765 5.564345430444788 0.08382150637744754
73500 2.964261570462474 5.594627311936131 0.08498894100732825
73600 2.967603087425232 5.587540297596543 0.0827148513937438
73700 2.988831471513819 5.533447164076346 0.08304355719506189
73800 2.9559715301902205 5.518875594492312 0.08549109689408431
73900 2.964468542072508 5.571525547239515 0.0860290182236996
74000 2.958222128726818 5.56645867338887 0.08463757992204693
74100 2.9283804904531547 5.504587058667783 0.08216611720207664
74200 2.95344517076457 5.545050318594332 0.08473371547060432
74300 2.943319660645944 5.531474444601271 0.0828943648548038
74400 3.0283479624324374 5.607942373664291 0.08752590457529381
74500 2.965413702858819 5.604527806794202 0.08638092859958608
74600 2.9492642559387066 5.549052165614234 0.08455764486764868
74700 2.946852016228217 5.491904095367149 0.08546040177828183
74800 2.9486996741206557 5.546133564578162 0.083668929024565
74900 2.961921328747714 5.508358463093087 0.08273742109951046
75000 2.9465038147237568 5.490773039835471 0.08327523334365752
