150 2.4804734477967574 4.7469940397637025 0.058022176389771
300 2.3655233112580936 4.610643543348722 0.05638111267307419
450 2.2990088850442616 4.592580403286987 0.05304859256360429
600 2.2538151759311464 4.534245120235747 0.051878504420807756
750 2.228155635617262 4.449905365522654 0.0524872490576257
900 2.2162998929345537 4.437464017809535 0.051437441253908936
1050 2.2645825586435984 4.489783002555004 0.0530614199493926
1200 2.2008980454111393 4.396467243966881 0.05157991179316505
1350 2.2040434530907613 4.307916240458108 0.05289767453435557
1500 2.1834340519700315 4.341131700328523 0.05093960025764865
1650 2.181577534032014 4.2681517030563825 0.05291685512849341
1800 2.1426753204293045 4.300496665977993 0.04984085616067143
1950 2.1220317336679235 4.203925872141598 0.051239223002336146
2100 2.1217794206244815 4.195645552471372 0.0505601222358324
2250 2.0801486862949066 4.144093800907486 0.04946151142654243
2400 2.1225142212001824 4.123297449269909 0.05302963295003022
2550 2.084733693877612 4.084605538771927 0.04838461544296127
2700 2.0704367888485726 4.058637216047275 0.05052798853878595
2850 2.0565418516931357 4.056268767345171 0.04881644145545601
3000 2.0559334535540246 3.9957419721626795 0.05031505812736559
3150 2.077320708818962 4.016272834473592 0.05206986353875486
3300 2.1012171726285316 3.995915649127375 0.05167887959217916
3450 2.0579565065038716 3.9944761969560494 0.05025878028109944
3600 2.0700055123106833 4.024127026277085 0.05076184285450384
3750 2.0361060032083946 3.9574910058565664 0.04943365129453638
3900 2.1063576655153846 3.9820286598673627 0.052888353909451534
4050 2.0670230227745385 3.9935793255004413 0.051461190899456936
4200 2.0382283033768824 3.9419044066060542 0.050542559046183995
4350 2.016156068608805 3.925020729837242 0.04908906646141428
4500 2.0304558547727902 3.91963528489774 0.05022463560721443
4650 2.010740435196578 3.903015123554534 0.04897926881497989
4800 2.0162749714646604 3.908218024698503 0.049103806423811826
4950 2.034641757698878 3.9017568014882094 0.0510959410811403
5100 1.9840903172463726 3.8669580338191403 0.047499027611699204
5250 2.0237501611007502 3.91397219274673 0.05011985628105746
5400 2.0212457410396976 3.887320607717783 0.05041426869303536
5550 2.0708430753163767 3.898457359682563 0.051395888788842714
5700 2.1172458606263613 3.974942847994939 0.054513630000131624
5850 2.002109122788248 3.8637615369141467 0.04979164827546459
6000 2.013763281465308 3.8623467062148578 0.04955939872567456
6150 1.9864666875154695 3.865887794757913 0.04910653467330099
6300 1.9840123671695498 3.8440789006239067 0.04854188310953737
6450 2.0473548587114534 3.9044655671148942 0.053131498065005785
6600 2.0808909257496793 3.9353980184332724 0.0535788335066083
6750 1.9965951088016018 3.835712797071305 0.04904929433086533
6900 2.003848109142912 3.85241780105544 0.050022575244353225
7050 1.9851307466717585 3.823354578456996 0.04841738694170319
7200 1.9834688225406811 3.8170326977419706 0.04895806217714687
7350 2.0267943315710757 3.88852950254101 0.0514402237086574
7500 2.022382484988932 3.8489904564582496 0.051898037506256
7650 1.9709589795832254 3.8040337101813475 0.04899556708573564
7800 2.0597210120569707 3.9013758400466543 0.05277176373323963
7950 2.001867787238279 3.836252568689592 0.04960568235512892
8100 1.9848548488382913 3.807299758759013 0.04908820343392393
8250 2.0358454091417277 3.8611941915348265 0.052667826648367326
8400 1.9689605290904366 3.8124420101657237 0.04884676294732679
8550 2.0083811012513797 3.8303620910351994 0.05065428860988354
8700 2.003053481227781 3.8232141206600914 0.05097668888218747
8850 1.982637710732185 3.805039144001124 0.049938178198423486
9000 1.9745213228500693 3.7982015858398626 0.04937598144098476
9150 2.040701993038318 3.863221161204613 0.05245338207213608
9300 2.0106169749622698 3.8265969548488687 0.05138073637053096
9450 1.9712690732961784 3.792840884507068 0.048816032416295785
9600 2.033172073174108 3.865014876324706 0.052631162044140825
9750 1.9492369246629118 3.7825788405775294 0.04814443707557544
9900 1.9723586092697332 3.773133855655881 0.04941314577119299
10050 2.0755356085812386 3.885138973136621 0.05365501614458905
10200 1.9908123126059223 3.797145997819725 0.05064169790001552
10350 2.035353180455284 3.8475307387077002 0.051073191687464714
10500 1.969647418867591 3.7825219250895494 0.04980307650620952
10650 1.9842833393921882 3.7998629047826755 0.05028186784200142
10800 2.01546071460642 3.855727426844872 0.05207765681177744
10950 2.0440417685391714 3.8536501610937295 0.05236111041386983
11100 2.06035799519416 3.8836216985082332 0.05404617507124971
11250 1.9820083756388331 3.8102120702252065 0.0502823393540514
11400 1.9955714710651 3.8204892230180145 0.05130321563912864
11550 1.9620049014413283 3.7989502077453707 0.04773518809351636
11700 2.0112172928324505 3.805546970455193 0.05146644708980446
11850 2.015226409844826 3.8455726968730155 0.05245995675813567
12000 2.0184450657821142 3.8224359465523 0.05142398877355036
12150 2.065515018679613 3.8932748301628908 0.05380694994394399
12300 1.9864194195694718 3.7987802972091487 0.05047995538273655
12450 2.012200290805723 3.8281531019444848 0.05231894998942599
12600 2.0812555087124642 3.881887962481727 0.055095058797281576
12750 2.019068960763194 3.836479375698815 0.0527842237037018
12900 1.9607903332066683 3.773140693003415 0.049584721272205645
13050 2.0339069370111806 3.87638263322093 0.051829764156665174
13200 1.9356085559341805 3.7373292760614967 0.04780907630691865
13350 1.9686859239098484 3.8093996574542275 0.04934737927343216
13500 2.015901787515067 3.849405670458554 0.051923983747516674
13650 1.9791964852005426 3.774751225863498 0.050208932525861116
13800 2.0374149665510726 3.832436945540773 0.05298817874806607
13950 1.995814282835627 3.794458520924387 0.051052353567689474
14100 1.9794322095034314 3.768169941346338 0.04998197559084446
14250 2.030426470779934 3.835615449887843 0.052338048524331826
14400 1.9758278307007866 3.7779546266684503 0.049748815504685504
14550 2.0127622792325868 3.82116702509804 0.0512748284013999
14700 1.9553553429117962 3.7796225650178874 0.04974270627999598
14850 2.024388819018756 3.883444402846822 0.05257191540433402
15000 1.9723861744067421 3.8165408007206363 0.05018230183678536
15150 1.9718690126951486 3.785002560703301 0.04931754601742227
15300 1.9857702759877305 3.772869661541804 0.05116914049865095
15450 2.044042615071396 3.885012305587347 0.05343929174259031
15600 2.0563281167504246 3.8984370004911364 0.054005716881640485
15750 1.9807424644019707 3.7975941216287437 0.04968262748347104
15900 2.007815009611516 3.879049002027219 0.052437848114391415
16050 1.9824432050523582 3.784282686520208 0.0506176455632035
16200 1.965772402067126 3.7983004476395124 0.04988674696054927
16350 2.0074041752727485 3.8061384928007067 0.051001267690508646
16500 1.9794853878167509 3.779775228968427 0.04854289898820267
16650 1.9834455639306754 3.8095717598324175 0.050352952860158645
16800 2.0807032453501884 3.9264156869584066 0.05523544489377481
16950 1.9777540868045362 3.8102463154705024 0.05091850712118339
17100 1.975108771602069 3.798009340748465 0.05013328459273818
17250 2.066058918376642 3.8817880168282914 0.05387104272362462
17400 2.0269155985007257 3.8397749318666983 0.0527257148656377
17550 2.087001764335515 3.936676305495888 0.05520102364565332
17700 2.0873302916076284 3.940330678699938 0.05574378357525984
17850 1.9786605176750136 3.7750447366866595 0.05004793563800538
18000 1.9777131300031041 3.7384463870452227 0.04916726785820503
18150 2.0176277837138965 3.8482353029075576 0.052518426777760675
18300 1.9766435151451205 3.7983064731937244 0.05055371596495067
18450 2.0390779675881556 3.8646309309941858 0.05380233566339579
18600 2.0220119978752606 3.8464710763627035 0.052830747654375856
18750 1.9945070685053163 3.8113400511946414 0.0510251246438436
18900 2.0153646995684853 3.8165107321885468 0.05164872322437222
19050 2.0926243772535966 3.882858613517387 0.055006291854418125
19200 1.9795555922151342 3.7841234726408506 0.050372796064596964
19350 1.995468660000643 3.867712614726435 0.04997218968175306
19500 2.074874239099538 3.9150913902586955 0.054557148955670966
19650 2.0152543541843904 3.825875634796049 0.052160649371841936
19800 2.008827519563078 3.8303639815628894 0.05191297957707951
19950 2.048041660727167 3.862018689787461 0.05371635978572939
20100 2.0478219221706038 3.853316354605318 0.0538727318570932
20250 2.0589453991205415 3.8850582779550846 0.05360853860577557
20400 2.0405660176569698 3.8998426996125763 0.05403455455953175
20550 2.0808901088369405 3.8864822409635673 0.054800641717263524
20700 2.072716490257006 3.9063427097226944 0.055071688977075865
20850 2.005576732334184 3.8139121598261267 0.05224352251692601
21000 2.0353550285649447 3.855402757053726 0.0529668100315369
21150 1.9840045410431235 3.8055265673830467 0.051193700120584364
21300 2.061375932459451 3.8898656017209854 0.054369132183035095
21450 1.9767600418599838 3.7834455038140886 0.05023436888229627
21600 2.0297778292667648 3.7826451714053477 0.051510238922858165
21750 2.0276624465281246 3.8842082001680245 0.05374356621499259
21900 2.046398892358768 3.8988456674880045 0.05384999147382068
22050 2.010540566927085 3.823405332360531 0.05258148178412505
22200 2.0030095931942475 3.828281679036427 0.051941246479932514
22350 2.0091999999584598 3.8212245578414823 0.05242549098936692
22500 2.035570525318567 3.887878039863212 0.05313728388650286
22650 2.024636275929176 3.8417588472366333 0.053267607665363634
22800 2.004704015752289 3.8292991771288443 0.05183285727319908
22950 2.049234039944374 3.867490459804886 0.05390416191993681
23100 2.0644891119442104 3.9301537545912106 0.054836413571668186
23250 1.9610629575384175 3.756722796182691 0.04898967825310545
23400 1.9847336462670309 3.8215609006355145 0.05136142134597879
23550 2.0253938988673905 3.829739762961499 0.05238761347175742
23700 2.0333581237705207 3.8151363456176104 0.05255630478674283
23850 1.9883535657923646 3.777823137359385 0.050786236283923585
24000 2.028192272581206 3.8266402797464942 0.05328309814805633
24150 2.0533557526904382 3.874882413565747 0.05431661422312991
24300 1.9528074004898774 3.784797617994203 0.04983215320832524
24450 2.051338632779619 3.902850436286692 0.05460271057587094
24600 1.9763523369479032 3.7757966328252315 0.05023070636771025
24750 2.0189979014221144 3.8460057556994856 0.05304947361190078
24900 2.0604736896380325 3.880940825661267 0.05460509640718896
25050 2.0073323268100527 3.8278750729707123 0.05210506518377117
25200 2.0776030066554534 3.845728430279925 0.05368065086701896
25350 2.0346675654130477 3.832405782184718 0.052470738085363906
25500 1.9825130086734983 3.794469665895942 0.05110546401444754
25650 1.9913251016037596 3.7811483671328774 0.050722801560776
25800 2.089146011446151 3.9146088544576445 0.05521056985059764
25950 1.9858079318619946 3.7983502727344725 0.05123298182695007
26100 2.053446672445426 3.868666388505807 0.05351548867608689
26250 2.02280539457052 3.8248847840022457 0.052251913464782425
26400 2.0595265838997494 3.876320704360681 0.054435249498011144
26550 2.0566789357940114 3.8425141148771975 0.05385395181736698
26700 2.0785611853277755 3.8861746861159436 0.05429645719155212
26850 2.0513866302425874 3.8468508098754413 0.0535998970064466
27000 2.0465864429444625 3.8855836918017617 0.05383183830560533
27150 2.0465298298677785 3.891234844008838 0.0540412513916295
27300 2.050821148544733 3.8564646141660726 0.05367321859862358
27450 2.102731558442847 3.9161849116986516 0.05507664255043663
27600 2.013634599790983 3.8075874502673472 0.05251938276038579
27750 2.1193508224253272 3.9410648302066544 0.056795647664944084
27900 2.082381407907404 3.9039118063230456 0.05518394252685316
28050 2.044416338388174 3.898579523607266 0.054271168041220105
28200 2.043656016785674 3.849282636964248 0.053783809823309714
28350 1.9851093570147555 3.794407908170501 0.05107857998849059
28500 2.039671252110253 3.8275612131949583 0.05372460309896001
28650 1.9796291286228624 3.8051660404614878 0.05119625357282491
28800 2.0422182287906576 3.879406904881717 0.054189583366633924
28950 2.043077210707167 3.860317406478835 0.0536420093963574
29100 2.0275460415822595 3.8255432683266015 0.052178688764435016
29250 2.1115379761333113 3.989518913023311 0.056950627123377076
29400 1.9916325771004144 3.7932453133577217 0.05173480539279847
29550 2.0289784673532827 3.857296325677743 0.05349334268230785
29700 2.046620014255032 3.8526635418640325 0.054318787341514616
29850 2.0482960251942735 3.889429049989197 0.054325362404614136
30000 2.1036360260167735 3.879865528615706 0.055574842882942566
30150 2.023101821998877 3.8338382763365293 0.05298959151870268
30300 2.0444258484372333 3.868592082357114 0.05441226104011565
30450 2.0663831131589925 3.889591668281087 0.055282434677145234
30600 1.9772447921747078 3.803922536914334 0.0508858970497832
30750 2.0629523220969124 3.896912567454613 0.05498505409441294
30900 1.9792412599902942 3.810683643159691 0.05153633915230723
31050 2.008271633481687 3.7961071773540755 0.05107501197172089
31200 2.1176216211055685 3.9851338439192507 0.05764067534677273
31350 2.057302318833357 3.844937796973012 0.052822202861171924
31500 2.0146563890521514 3.755215772090514 0.05125563225474643
31650 2.06011956857026 3.835875771528373 0.05420022950353432
31800 2.037077686537994 3.854127633791028 0.05339069927876895
31950 2.0610572962673164 3.886408500144818 0.05390073853242068
32100 2.0875838779232985 3.953511531367624 0.05598759166667798
32250 2.0375077132067068 3.8314841941821793 0.053669195610778465
32400 2.0289322792386715 3.840016149304396 0.05214795959896288
32550 2.0810805409232533 3.8821100303731813 0.054941007004696535
32700 2.112447232556489 3.9517364048519017 0.056938132842534156
32850 2.038205235648009 3.858875668121993 0.053589017056157255
33000 2.1330936715646756 3.9745327643821575 0.057782487760932165
33150 2.082777712242735 3.9354077475202596 0.055800009661702656
33300 2.1091611454823265 3.8922802144033044 0.05625508679362711
33450 2.088007356491557 3.863981796919934 0.05546115025695116
33600 2.075137908839009 3.895281638835837 0.055675107002989645
33750 2.029036481321955 3.831289676069482 0.05351382131156929
33900 2.0334231341543374 3.814353897527683 0.05279520572237442
34050 2.051334921567718 3.854631960757671 0.053711036471592866
34200 2.1380515903051647 3.9513287317533434 0.058068247637682896
34350 2.038121206263092 3.8398069245683635 0.05372183684236798
34500 1.9939252675676638 3.7729226884666396 0.05067465430914076
34650 2.1112894075779827 3.8893350399344975 0.05573804938217248
34800 1.9890639536951218 3.7907179082098184 0.051203283721272565
34950 1.9985656818729236 3.784969009504728 0.051783144616870426
35100 2.022937206402878 3.829139730681671 0.05362986012767612
35250 1.9441241958389985 3.7261404647417593 0.04858690318565793
35400 2.0565231457078386 3.881461553778385 0.054680729901955175
35550 2.0376428062199086 3.802504731833569 0.052822683595029486
35700 2.033757443076994 3.8333716633861052 0.05342237370237251
35850 2.057255189842973 3.8626759257053305 0.054289258388013927
36000 2.072379529110493 3.903482900075386 0.055252190827866275
36150 2.026224291763423 3.838222059004146 0.05297170979387921
36300 1.9961636995245342 3.8096594890933826 0.051960511955838264
36450 2.0256149761515894 3.800451307940337 0.052369911200795434
36600 2.0544171311372628 3.852677839665325 0.05445307604054366
36750 2.047863247570085 3.831981200382022 0.053930891129228234
36900 2.1178894620731565 3.942784705045033 0.05693684122953678
37050 2.028191228220068 3.817540277732662 0.05303876525922421
37200 2.053435314286706 3.8494120031778065 0.05465952722938514
37350 2.0587954448044665 3.8969984566507163 0.05495682212472693
37500 2.038282451088443 3.8083858117004112 0.053491196515141455
37650 2.0596824376129663 3.8742405556462294 0.054715470308037986
37800 1.9901247605955674 3.7885300769396353 0.05157705147870662
37950 2.045877583919127 3.8423294180009995 0.053425829394783346
38100 2.004917336753541 3.7977442565871162 0.052891253328030824
38250 2.105369807386691 3.906032507404959 0.05558655027620083
38400 2.0478051356011373 3.8598126224213583 0.05428987876883497
38550 2.00372562452328 3.8036189708241657 0.05203123464380488
38700 2.0206788456513105 3.814724688881014 0.05218261584890949
38850 2.0438225393646334 3.8336946474262543 0.05318609398269763
39000 2.043457993334788 3.847190496380344 0.054615153428281375
39150 1.9937222241624002 3.780653876760986 0.05196718223667218
39300 2.041334477304681 3.783934769454909 0.05304716759435604
39450 1.9934147333074932 3.780554249974116 0.051266474335060166
39600 2.0115650435166854 3.7939425268056204 0.05246398331128929
39750 2.0475614688879142 3.851635250577166 0.054300370094783466
39900 2.0458680212132037 3.850432128262666 0.05442861611583481
40050 2.0996532827798573 3.8785890955135134 0.05488299614424172
40200 2.056605737267828 3.849391989181378 0.05401929257083341
40350 2.0828631556838566 3.9255269904809493 0.05585985946143332
40500 2.0443690207106937 3.890737942391378 0.05398954658489103
40650 2.0649452962758352 3.8512400154687145 0.054410127277251766
40800 2.028019669962807 3.785734715637254 0.052442950842205
40950 2.0355552299622377 3.832731375665021 0.05322852037115697
41100 1.9836395101313211 3.7726533252037378 0.051392264727023115
41250 2.002819888796543 3.7740200209471344 0.052002037721086136
41400 2.0236530274701265 3.8023742049749645 0.0522234765869891
41550 1.9616513595990608 3.74688294621333 0.050087534696823616
41700 2.063864609215157 3.8524036195380558 0.054423871312998924
41850 2.0989022818079754 3.936607031734443 0.05632954682194931
42000 2.0525662153045094 3.82257240754695 0.053582754648901935
42150 2.0025234039575777 3.7947340070104305 0.052187558046422125
42300 2.0145218291896985 3.765999891275277 0.051708457277276396
42450 1.9932963039977418 3.7759524993369915 0.051746377698574327
42600 2.042765915759502 3.857956729783602 0.053175595429000314
42750 2.061690206176664 3.8604300673022593 0.05472402236898618
42900 2.002797514017374 3.7714559695472016 0.05201894289419695
43050 2.1207006142183316 3.928024171320207 0.057292424770860585
43200 2.0387267839689196 3.799741399068774 0.05359055668092761
43350 2.053826471047899 3.8633909152329333 0.05436768216520914
43500 2.114744338155524 3.915205642489568 0.05638811210501779
43650 2.0180031631621844 3.827960980450449 0.05298395265762243
43800 2.057317788981221 3.888732794603687 0.05449519052164503
43950 2.043415821768755 3.849019781212134 0.05421671675849546
44100 2.0316522801580605 3.824071529452786 0.05309130202270359
44250 2.0502357168431664 3.8541967700595503 0.055140432593144155
44400 2.0179318372457304 3.7625397970340004 0.05189952843942525
44550 2.0300135502785994 3.7649500092114407 0.05232133095844026
44700 2.062597536967576 3.8358305473269128 0.05491210104886191
44850 2.0733842688835473 3.8170549635506847 0.05354310693847804
45000 1.9949518120361984 3.7615020275115967 0.05199092024354481
45150 2.0771131610577824 3.8490736762438815 0.054032739823215575
45300 1.9988596943989854 3.7438537738074555 0.051204732476385094
45450 2.1539767907441028 3.896449658036963 0.05676592583625229
45600 1.994681720353343 3.8133227912926233 0.05226309552925862
45750 2.074950731970781 3.8555505641398984 0.05496278309200439
45900 2.06299377731019 3.8437121623864203 0.054137116280938584
46050 2.085941838340525 3.8974990435173176 0.05522740268908395
46200 1.9943278837789056 3.7756831997011338 0.05212604279052809
46350 2.031062158338863 3.8054863667926906 0.053750955362581405
46500 2.0362223361167437 3.796775190376797 0.05228206822705781
46650 2.0136583410889095 3.7917331230421008 0.05270596082819386
46800 2.0529077597922343 3.8688007885693043 0.053957621789783056
46950 2.1120052644811524 3.926231908651949 0.056224853348878265
47100 2.0904910579049516 3.905881050905567 0.05596984894317718
47250 2.0671555889896087 3.893941311017136 0.05495117205349397
47400 2.0733046187944937 3.901122996412172 0.05540869630119003
47550 2.0662100958677887 3.880875871225369 0.054735029293395625
47700 2.068972472764232 3.8345354817396293 0.054332476263534435
47850 2.0334408842712826 3.780015306970093 0.052933255959005075
48000 2.0812789271214256 3.815237427781696 0.05464041198780931
48150 2.090516233736752 3.8805235309834862 0.05563407517581081
48300 2.0466839630910956 3.8329572180297475 0.054326795835756454
48450 2.01134811917697 3.787885587639604 0.052558798365797736
48600 2.0466654161734086 3.858564537727028 0.05404892531252163
48750 2.0166829213774276 3.8036423248747373 0.05307433385104855
48900 1.9737438486397632 3.73571255016912 0.05033050822036946
49050 2.066031072768697 3.855703590106379 0.05511708930134773
49200 2.014748326474172 3.8185083368804555 0.05233609331828868
49350 2.073679254830249 3.8076061068868343 0.05378306703356329
49500 1.9960992190004125 3.8049498796463013 0.05228068623006161
49650 2.0202689134270138 3.8288578102193727 0.05338850789960543
49800 2.0744321733895985 3.8528508803595796 0.05483903030242108
49950 2.032819202341185 3.794157132780625 0.05277752415191359
50100 2.018793194571887 3.820231594191007 0.053082837608922843
50250 2.0559025074075334 3.8043931466670124 0.05349019705746437
50400 2.038333158917222 3.8387468599834325 0.054255690259938955
50550 2.0655434131622314 3.878062688499872 0.05540432030209369
50700 1.9441198805358513 3.740090939164893 0.04948948088324875
50850 2.0325553940117724 3.841480881889905 0.053833974548186996
51000 1.9844931524955423 3.7602432147125526 0.05114637932917274
51150 2.0412697349589295 3.8739380309918174 0.054148640517899596
51300 2.02951520242574 3.80034485843284 0.053172089073784144
51450 1.9503409438338017 3.7357943562642197 0.04935245896958135
51600 2.003475121193868 3.7710239353355455 0.05229200252497489
51750 2.1233251742058736 3.929455074795916 0.05668226616925623
51900 2.001291812928908 3.7636256744525185 0.051656191060148134
52050 1.9791123457481525 3.7570528026007435 0.05119619146560782
52200 2.030214443528579 3.824840011772203 0.05389119938952974
52350 2.0071160548303757 3.785723680367499 0.05246813772989014
52500 2.1691260685218623 4.008004669762828 0.05910741092145809
52650 1.9509429317310545 3.7163587559951594 0.04973453234172672
52800 2.032228989469493 3.8199101057520672 0.05366351045782398
52950 2.0410152648124225 3.7996424575524825 0.05378541428070127
53100 2.028073979301687 3.8087515070394504 0.05343181321088888
53250 2.0021914828774388 3.7607438184000963 0.05217617971856901
53400 1.9772229893075908 3.7395839288922175 0.051237616299485866
53550 2.027183684103328 3.8268220629428793 0.05216511916597745
53700 2.0845800590661407 3.834014921100593 0.054278000509309254
53850 2.091543626200202 3.9154934210279966 0.05647341272810851
54000 2.010963718583979 3.808973286780843 0.05275609707059853
54150 1.9697332853919889 3.7411399165545505 0.05053767439069375
54300 2.007776831556683 3.775762076026823 0.051783690240485535
54450 2.0405650595945817 3.8372275500209785 0.05415287966971383
54600 2.0143666665978226 3.7899008345750214 0.052536006314120046
54750 2.0950943312030628 3.8920103962436046 0.055698917961559416
54900 2.0878432071282087 3.8960583670739015 0.056280393810497105
55050 2.096689028608287 3.870186856187926 0.05561310111150786
55200 2.053394506679722 3.846458453342227 0.05438122130427624
55350 1.9989934943936354 3.776173236179937 0.05181480640191242
55500 2.0023613199134545 3.786782278605034 0.05241791726278564
55650 2.060852819059524 3.853319315822578 0.05500055486736305
55800 1.9842398780986574 3.74725317808748 0.05115974329389129
55950 2.0099061595881644 3.775062586632243 0.052446720070359894
56100 2.082757655462604 3.883389669693321 0.05582717894090831
56250 2.0679066389616283 3.9245129809057784 0.05521619390764851
56400 2.085767296925644 3.9077824529694634 0.05581296697556058
56550 2.091179831627688 3.8892891962835394 0.05530899089469683
56700 2.0777561452491153 3.868912872361259 0.05573300939007588
56850 2.0096871710262416 3.8073382977327688 0.05246904138704202
57000 2.0290135232948816 3.7646259654519016 0.052140037054938776
57150 2.073418588726067 3.8823572002305573 0.055662507636963954
57300 2.070019514282788 3.833942190269751 0.053753126509761884
57450 2.0295191780189796 3.767978501466154 0.05233622030383604
57600 2.081393453241126 3.8813952653685964 0.055754246990099274
57750 2.040425431143287 3.8533381479649456 0.05406079228190374
57900 2.0021489193103066 3.7924039042069135 0.05238872844200193
58050 2.069094136083053 3.812407330501299 0.053813540976654535
58200 1.9940859057420601 3.710805911227969 0.0494857490965468
58350 2.043801139468796 3.8129813371260473 0.054314301817740766
58500 1.966289045254877 3.7382066154772517 0.05058544417671813
58650 2.0352321768099544 3.751142553025228 0.05229323763011789
58800 1.9596670379667926 3.7050937779841977 0.04916854944948587
58950 2.018141637550541 3.820543696543922 0.05336138242684259
59100 2.032274143461801 3.8050401386307793 0.05265192441253757
59250 2.1593755586015666 3.992787069338231 0.05858222100929431
59400 2.051031042096074 3.8181839954633654 0.053400175994479215
59550 2.026418751002821 3.7873779623055017 0.05343729360429056
59700 1.961205858394412 3.744194894480559 0.050638946373175626
59850 1.9917718475581678 3.7492977585529257 0.051820962449844264
60000 2.043020087882785 3.84306651756076 0.0542110196754702
60150 1.9967034082471227 3.7779872037150377 0.05201395280499217
60300 2.076391845758707 3.858924756020856 0.05531057278322844
60450 1.9553429268620497 3.7290119751830773 0.04998952944540173
60600 1.9781026847523415 3.7041193312662513 0.0502485932176647
60750 2.0318751324173863 3.8572269370950805 0.0533579783342733
60900 2.052712511796893 3.7968774660964684 0.05314335099598564
61050 1.9907645502704785 3.8001232863935224 0.05211559172285481
61200 2.0925766002912463 3.9257483211763065 0.0567248741141949
61350 2.081162930997603 3.8581681668392718 0.05570620964024147
61500 2.099671652346301 3.906325985317581 0.05602126369721319
61650 2.102768628875171 3.9332341160510946 0.05576940766461422
61800 1.998726046524165 3.767383603230576 0.05213092872587267
61950 2.024886744519684 3.781279333530028 0.05275170474193213
62100 1.976557387530438 3.7679081116717286 0.0511425704826698
62250 2.0543105393830983 3.882796645895835 0.05477228187070302
62400 1.9996465016727798 3.7331845848106897 0.0517198219438272
62550 2.0806642800021025 3.8892136541612308 0.05562401312100558
62700 2.044349853977835 3.8275571410641347 0.05328734873856869
62850 2.0276851964874503 3.7810451867390262 0.05231525981513086
63000 2.017604786559848 3.791879507661597 0.05273305691572969
63150 2.0585440517934552 3.8353344202041626 0.05435124509882159
63300 1.9633144385244217 3.7263942298713637 0.05045544649217209
63450 1.9919257131090924 3.7587144111563093 0.05160077818400838
63600 2.0015294877298038 3.764614667629172 0.05229769727112325
63750 2.0782896137676357 3.8344782100864716 0.0550429116008929
63900 2.0307986246296235 3.7680251949403916 0.052755624918621374
64050 2.0054889449312645 3.7675888026418862 0.05231130915048298
64200 1.9724527367053588 3.7601679687851046 0.05074420206797269
64350 1.9955059450828225 3.754179166869883 0.05151485359193357
64500 2.033579092449937 3.7367675377547376 0.052143807134425346
64650 2.00167619450692 3.746785272118504 0.051343649362950966
64800 2.0601800921504485 3.8873812325893002 0.055348596295650386
64950 2.036642813243749 3.854039290199982 0.05393855563404919
65100 2.035755265709813 3.832217782552988 0.053780928688363795
65250 2.067999540662473 3.8615968359028634 0.05405410284325023
65400 2.062487584315926 3.8431605305408407 0.05395889771313755
65550 2.0176120777071618 3.7590829909213483 0.05193317774683237
65700 2.0428883828268463 3.7539562089311564 0.052896564215010294
65850 2.0033701051232273 3.758942981439134 0.051397611444210345
66000 2.0370370566479266 3.8105424971668267 0.052918825864197654
66150 2.041574460962799 3.823097101749818 0.05401469032891506
66300 2.0115120012335983 3.7816776051843095 0.05263780443100659
66450 2.023409731914661 3.815736188478996 0.05293904535723793
66600 2.0610399641142303 3.8698452330805773 0.0553903564856462
66750 1.9323803062087919 3.6495381140270116 0.047844348481050666
66900 2.0589511262858573 3.814274374692718 0.0537105058691253
67050 2.084434507814653 3.8381713833545614 0.0554166786726907
67200 2.0062553842374884 3.764745490682637 0.05218894607701733
67350 2.0152360164314693 3.7730065671944177 0.05268559723726811
67500 2.018984554004084 3.7988045756802236 0.052643011386957636
67650 1.9795927745432942 3.746510749945611 0.05166008058889695
67800 1.9830270204807352 3.752356199399094 0.05143563990464057
67950 2.019974823012674 3.731753868559387 0.051045897485334085
68100 2.0343118269750677 3.7966691621242123 0.05285976865997344
68250 1.9884168235070867 3.7412780377031103 0.05094691310534997
68400 2.072518938889533 3.8162878364141735 0.054842715174462535
68550 1.9772859252303656 3.7057416095324087 0.05032935636860827
68700 2.1299192726246416 3.8704435269525446 0.05616995836236725
68850 1.9970163439680462 3.782685150398067 0.05264229057185306
69000 2.0294626713530417 3.8240092210243084 0.05315190885627379
69150 1.975805669840128 3.7016165271127153 0.05058783219064489
69300 1.9413295220012314 3.7109698847027643 0.0499960615191083
69450 1.9963265843917988 3.759581929335565 0.05149984488298008
69600 2.0024291024617624 3.7319376088358873 0.05112049076134807
69750 2.04908941457608 3.816925127813421 0.053982219795919266
69900 1.9816314954699183 3.77079297135944 0.05121115090588302
70050 2.0625875168051455 3.853639824258769 0.05472540552013674
70200 1.99914775889344 3.815668426408358 0.05277849480144085
70350 2.023788775768748 3.7771398187415 0.0532719949088945
70500 2.0298708286022116 3.783354052736715 0.05293419734329168
70650 2.116790470170097 3.941238618335841 0.05683149405372289
70800 2.053322296201086 3.851496539964266 0.05457793753251342
70950 2.0653882586151546 3.8229552814565553 0.05457353830177543
71100 2.0115446576311546 3.724395590325806 0.05188977703497819
71250 2.003184245407947 3.7537427672579247 0.05251599534591831
71400 2.123866997247825 3.843342144065108 0.055994437321837696
71550 2.00038052482839 3.7342850781657213 0.05215777213930901
71700 2.0573069734807397 3.7780654518150842 0.05249073172982302
71850 2.0515053414859654 3.8105489798118732 0.05319017491823325
72000 2.0611374787757732 3.828035248569184 0.05488537902161022
72150 2.056868824856413 3.7967135774577323 0.05375316090013352
72300 2.0156699364170705 3.797578356017364 0.05286190744512286
72450 1.9950830267250903 3.8401262314041698 0.05274051495833448
72600 2.014742409524742 3.7749553955405766 0.053081669896109705
72750 2.13277827340401 3.8486626535836903 0.05631243879192629
72900 2.0280115242384693 3.7343282012120347 0.05242571520384835
73050 2.0583034483201663 3.8285279617719126 0.05421117296659508
73200 2.0218883123865887 3.7837907675585134 0.05352079781469392
73350 1.964261337291975 3.7245340903112494 0.050643473915024405
73500 2.0661941466887304 3.840630666609922 0.05425500437800138
73650 2.0960915889476706 3.85199078387278 0.055395676365887825
73800 1.972061109323443 3.736430340018009 0.05122822078596229
73950 2.0104716387263104 3.7824729198327094 0.05310873683267758
74100 2.0727138303540236 3.8066309434504597 0.053811349917454586
74250 2.0209567554157934 3.7985997200012207 0.05306009957395448
74400 2.01464043950742 3.7531027918212985 0.05233293686039243
74550 1.977292925667909 3.741533775271082 0.051131006953037954
74700 1.9925842826351798 3.7618249888800404 0.05133585065626111
74850 2.1104788323121566 3.8504811130418366 0.05493162475252078
75000 2.0030663141443688 3.786140644477189 0.0519614088651867
75150 1.9333560609378697 3.695922893249184 0.049496713985740404
75300 2.046282157210485 3.8158688574480863 0.05342560402614756
75450 1.9667733969863939 3.7008305371173322 0.05064421513352109
75600 2.0186444652592477 3.7959749055055023 0.053422150659186346
75750 2.0606152810202056 3.775354034330216 0.053277323325307456
75900 1.9847170597205133 3.745119714298131 0.05121447767011044
76050 1.977408607313238 3.7344700836696507 0.05178822597568752
76200 1.9712535336705073 3.7387293774657455 0.05199183404239957
76350 1.9307950819196877 3.638643122889513 0.04875600467110339
76500 1.969149595389337 3.7554846124415016 0.05095563790663803
76650 2.0611751039335333 3.798792122331865 0.05331053750509499
76800 2.030062721916503 3.770024964414491 0.05249968895608662
76950 1.9743739702950227 3.7233129432596312 0.051337451536916885
77100 1.9959945232590284 3.799035228834562 0.05249862083765261
77250 2.050554157400424 3.8036866356258745 0.05255800094226935
77400 2.000816362767132 3.7429459870227277 0.051718345300460156
77550 2.0755791835989688 3.7890451956380367 0.053833893808804774
77700 1.9776225605625317 3.731305956840515 0.05096261899209827
77850 1.9444497436102182 3.687199923158423 0.04936208706234862
78000 2.015819475694668 3.7700110439873913 0.05268623571888618
78150 1.9900900889759414 3.7607315040073512 0.0511632809769705
78300 2.0395969587601037 3.826609938422595 0.0537960938080871
78450 2.037717969871006 3.7955468739468627 0.05259536121017728
78600 2.053763162504676 3.8442723290320555 0.05390380915437191
78750 1.9686660093763855 3.7038464729039946 0.050451066579235475
78900 2.005862468956438 3.8262632624503294 0.0528588396571348
79050 2.033233893429575 3.815162168690032 0.05371722226471075
79200 2.048499865765952 3.7720012189420453 0.05274048651014369
79350 2.0475545170848357 3.854931497866391 0.05432292179095965
79500 1.9882663444507342 3.7397996867361245 0.05234827740586426
79650 2.119957659142149 3.894990243794728 0.05625391326433311
79800 2.0055605147513873 3.7953283377220295 0.05316069459348369
79950 2.1217263907742647 3.9053415374521827 0.057512661282178815
80100 2.0925066920877233 3.889696780889312 0.0565176517045571
80250 2.0336160758521657 3.824032379805676 0.05435222962105567
80400 2.054394082789041 3.8342240844036173 0.054772995943717796
80550 1.9655993591788357 3.7367107509835367 0.050962712232914806
80700 2.0792004480683732 3.85619602539788 0.05485195820248383
80850 2.0733547576366025 3.871111356407587 0.054745403364117894
81000 2.016967143383494 3.79395380268799 0.05290081943928098
81150 2.0341019912000085 3.7802575980227417 0.05251644837435769
81300 2.0464195309241124 3.8383841397572147 0.05387374177643675
81450 2.0520504460744333 3.818308691305617 0.0546835423647169
81600 2.0011464467077897 3.7664889250796265 0.0523995323380901
81750 2.0606866976234812 3.788519990956125 0.05320503751238797
81900 2.1340039906326247 3.9340449586236406 0.05762044198673927
82050 2.0175437166646946 3.7339048553829546 0.052714778596043954
82200 2.071916671984035 3.837348142284557 0.05480973799055888
82350 2.021856946082203 3.7692840355305584 0.052902493705870184
82500 2.0317259898946327 3.786481912150705 0.05351236019786333
82650 2.057785781980292 3.8398356327981307 0.05418449346593187
82800 2.0237210363698153 3.7717802115013264 0.05341776042171051
82950 2.0133667218904554 3.7874394026270672 0.05300167061822729
83100 1.9734435070511753 3.7230150253494823 0.050496013440831676
83250 1.9708837135437807 3.7291188649604656 0.051080346084628366
83400 2.0127367834372025 3.749542319701493 0.052065551938043415
83550 1.9597348395300789 3.737852313035836 0.050969938593316666
83700 1.9961134838911654 3.7598728884948542 0.05244771791679179
83850 1.9440453067147658 3.7079205469119767 0.05028475257082402
84000 2.0337440473901713 3.8121084581854885 0.05404556352942268
84150 2.004007793642992 3.7625646159692776 0.05244449410084749
84300 2.050388216972351 3.804326624226716 0.05400254038031116
84450 2.0539427816502154 3.8420513787883923 0.05520087806793627
84600 2.046788827041907 3.7973087119178537 0.0540196028040962
84750 2.0250258383575392 3.7439256438448387 0.05228004560011662
84900 2.010499837574052 3.721682799374399 0.05157571196830346
85050 2.035585310561525 3.8074666312867147 0.053180000184823766
85200 1.9597869628777533 3.717302432820841 0.05034690818240855
85350 1.997465428399162 3.782135436139955 0.05292320177187583
85500 1.981154227549313 3.724234381336376 0.052096905083926906
85650 2.088837347879 3.848335513308004 0.05543258427956536
85800 2.0582737249830747 3.839259809511571 0.05507458280771971
85950 1.9877421044133192 3.7321637978583024 0.051413715308520694
86100 1.9856461992293049 3.756596896546019 0.0518386697945145
86250 1.974302692281688 3.7217648826493805 0.05126167193306553
86400 1.9746853928624486 3.704071654863884 0.05080544340647072
86550 2.0715352446755015 3.798536513480672 0.053451888726030024
86700 2.0559746655949787 3.889698329878731 0.055171731905154654
86850 1.957919968417817 3.6875643276729466 0.04968102504870643
87000 2.0355186634268496 3.794580705326759 0.053508964984283494
87150 2.100701059666148 3.8370839086778323 0.056029361878390326
87300 2.041507696081524 3.807378518800794 0.05443800451016865
87450 2.121967568719314 3.8864113085109033 0.05677947339721801
87600 2.036600224810875 3.8293931623178024 0.054154260621114746
87750 2.0342803458494645 3.7942145624043753 0.05395064250411797
87900 2.0425045826683745 3.833985796735331 0.054234291129728406
88050 2.0816149627504172 3.802804791122858 0.05437187720775787
88200 2.123902618153695 3.932801430942091 0.057376154624154234
88350 1.9585822838947085 3.730874479182659 0.051058200216549304
88500 2.0244073531379 3.798487553567243 0.053341896987400175
88650 2.0250911398167992 3.740782788926107 0.05236079921500266
88800 1.9685323501657124 3.718771015208192 0.05028992557635337
88950 2.0819010328661443 3.8117828149737023 0.054109623352854165
89100 2.0270630497873925 3.768331196410524 0.052839439407996604
89250 1.9915852630796609 3.730482451754845 0.052092251636407856
89400 1.9793894766298539 3.7106475157240415 0.051377570925086186
89550 1.985258722597836 3.7405446694672473 0.05217547734136596
89700 2.1085259954622186 3.8836834503829114 0.056086212345198984
89850 1.9731700219259671 3.7383682062289467 0.050969363601615456
90000 1.9593399130493585 3.7056069725130234 0.05058396598495589
90150 2.115404771149524 3.9096555307598932 0.05622288969808195
90300 2.034822453750423 3.8102872232717973 0.05414195287332761
90450 2.0224421265666472 3.819909326869286 0.054031697918940906
90600 1.9702161634626565 3.740257409452661 0.0511480473793266
90750 1.9880752011310834 3.7561656975307347 0.05191897555180122
90900 2.0018751240946764 3.7140735548698096 0.05179265162627573
91050 2.0142048600992544 3.722286780919034 0.05227961932863195
91200 2.008466222169209 3.768525179909782 0.05321820120275752
91350 1.9787999248943446 3.7238046230714015 0.051771514889058526
91500 2.069265779176373 3.8234821111878 0.0546576660012175
91650 2.0666211433937214 3.8316749626873463 0.05423965527350369
91800 2.097383974885648 3.929924136290521 0.05718090235501345
91950 1.9993029821869786 3.770495511271471 0.052764068483346444
92100 2.0905416834573805 3.839853391325547 0.05554324618763536
92250 2.039464630232267 3.835213382551275 0.053989461194609574
92400 2.0730110333741076 3.863852285899999 0.05555550534095318
92550 2.070946181478676 3.8846886011720434 0.05613202763367101
92700 1.9948628782494668 3.7495590843306 0.05201619406990661
92850 2.090320265000583 3.8479473802940976 0.055075182150935105
93000 2.0852857765975905 3.8324974548597277 0.05490740810298115
93150 2.038053147997593 3.8347435165768022 0.05429151113162194
93300 1.9863873643377807 3.751058211355853 0.051852120480791554
93450 2.0120070112263497 3.7718979507867543 0.05285533706720438
93600 2.0476028970414144 3.8215031492198173 0.054365218559885686
93750 2.0255113467117027 3.775284783240476 0.053353343541773915
93900 2.0144941064477697 3.808299244547183 0.05352147553184647
94050 2.029991264723561 3.767926355812447 0.053410842386217204
94200 2.1263384979926734 3.9140797451229914 0.05673573923188668
94350 1.9792174528712876 3.7163082536744194 0.05105312955365773
94500 2.1136866884728884 3.896870763023938 0.05590752141401629
94650 2.053851955873103 3.813305458408192 0.05489095641540055
94800 1.9787351715784132 3.7148589736844864 0.05126523549891323
94950 2.032092950095428 3.8133124720099514 0.05374606146242904
95100 2.0179851863281857 3.7913823705509397 0.053343938503620084
95250 2.080779099391282 3.887247624572801 0.05551210269789023
95400 2.0383749860196025 3.783389084178246 0.053509533519576664
95550 2.0108572230017256 3.7591922590337647 0.05254449768483273
95700 1.9845519142648194 3.7571592952576154 0.052062261192573726
95850 2.0405271440927235 3.773001145731452 0.05404889872697599
96000 2.1153334368225987 3.920610975634101 0.05707415123612968
96150 2.054809268998222 3.800855989836476 0.053373494196934566
96300 2.065113966084697 3.8399998030048206 0.05497005605853043
96450 2.0475612666709293 3.769563983554489 0.05313112057082675
96600 2.0587660012069655 3.8274707340755345 0.05479037881103213
96750 2.000483463146935 3.734575918115721 0.05224591879848322
96900 2.0279159022986524 3.796735882027749 0.05357372384815494
97050 2.0003061938139557 3.741891531125168 0.05137821596024409
97200 2.0019772773140048 3.7601346625872183 0.05287032924089695
97350 2.1134151871219005 3.9340921435619425 0.05661934684459234
97500 2.050474492318791 3.8034333517215004 0.054265390544489846
97650 2.0284685437664662 3.8279228422539364 0.05412106220524735
97800 2.030629418378959 3.774657002987306 0.05312372092157602
97950 1.9743690721096436 3.726421814754697 0.05164648942717928
98100 2.006363568861792 3.8035080096472993 0.052938408658274115
98250 2.1269133416421573 3.9375054200002753 0.05819989510589033
98400 2.051273619104748 3.8509180940733367 0.05410189866059763
98550 1.998345900532658 3.7360023099220605 0.05176893467414964
98700 2.0118362984042957 3.7679499380427637 0.052864187065671926
98850 2.09898004977981 3.913993449298882 0.05629305238692673
99000 1.9971789962674942 3.785589748365016 0.0534546452008782
99150 2.051449872233385 3.812531643118595 0.05469549526717583
99300 2.098912335977964 3.8519866919956325 0.05550454178699321
99450 2.073189690800532 3.793940638471966 0.05402958801621857
99600 2.1027890308502992 3.8614646320694064 0.05656602905000463
99750 1.9590761039886007 3.6996847317994006 0.05097743299178368
99900 2.0633640051619406 3.8176576484200413 0.05402888527334285
100050 1.9720923246050173 3.7398881385662803 0.051855938337697575
100200 2.0527552340659625 3.787049725743159 0.053640686078397046
100350 2.0564284050391497 3.777953345351424 0.05356245208531618
100500 2.028128823254006 3.7647751269896337 0.05319318198741762
100650 2.0142766273826176 3.792022503958158 0.0533235929220732
100800 2.028383506587678 3.7506220611326535 0.05244384421481311
100950 2.11079911476264 3.932109098492956 0.05678242706676568
101100 2.081821536725284 3.817084996978198 0.05480042166802232
101250 1.9533579349517822 3.697014937371564 0.050141651463334914
101400 2.071146794989065 3.7739499609894547 0.05395424648822268
101550 2.0106011168357054 3.793996341389381 0.05326248694531208
101700 1.9685640587397149 3.6701067686080933 0.05017824243594167
101850 1.9786566697015353 3.719743955354749 0.05070113108430538
102000 2.008390861054871 3.738203810036548 0.05231197579461007
102150 2.051732366801771 3.7881309379097874 0.05315397656951214
102300 1.9902358340339426 3.7244202944398657 0.051437659246241385
102450 2.0986860515149823 3.8892123260381033 0.05622626534246045
102600 1.9310066725578776 3.6499338961817736 0.049500886676547354
102750 2.0167582770066756 3.781082729620436 0.05298569777900456
102900 1.9691086320057969 3.6824946330368884 0.050149814597119584
103050 2.023417464794557 3.7349744501289415 0.0528227230933912
103200 1.99038972737599 3.758210710952618 0.052604305746456595
103350 1.9500263933023791 3.6631097676563846 0.049420488215525825
103500 2.0478115451116503 3.8158628523715437 0.05410448757737327
103650 2.0564260965476007 3.8206217398672746 0.05394217885025074
103800 1.9526535978346515 3.6939998689604683 0.05033264777685967
103950 2.045493434177586 3.8176637617356937 0.054435417821710824
104100 1.9678971833246617 3.6805858736389254 0.05043194491553343
104250 1.9859725240549426 3.743696911934695 0.05138473636670712
104400 2.017092751213378 3.774092391956072 0.05266291513307694
104550 1.9903551402267503 3.7980341487135623 0.05231284243883165
104700 2.0554015468234663 3.8427819876583076 0.054782095056689954
104850 1.9318325775532634 3.6829276179974797 0.04989927891139055
105000 1.9765449711150187 3.7210976148675554 0.05067897478312802
105150 1.9873095381479322 3.7222492475451134 0.052463041224225536
105300 2.017363750130121 3.7802059701615316 0.05299632493520807
105450 2.048173425753424 3.784482272124729 0.05448764903710847
105600 1.9987132062941242 3.797059521353318 0.052510760438862755
105750 2.1641660270515395 3.9776294714102716 0.05990244830998541
105900 1.9499931854704406 3.679264782396562 0.04969812505678531
106050 2.0083031365476502 3.7543557845741695 0.052852258280468134
106200 1.9383399409750488 3.67475596600515 0.05017657422580602
106350 2.0521300310737516 3.832609643965411 0.0549317494240458
106500 1.94289523034008 3.6768742390205524 0.04951977288133345
106650 2.0525503586406355 3.7854302602311587 0.05399909860631622
106800 2.0780149544674926 3.884672601530157 0.05554494397154798
106950 2.064767626531285 3.774163940932853 0.05346877830091613
107100 2.040583612728704 3.785729501145018 0.05310797764479748
107250 2.070814053339461 3.812512606930879 0.054538686365529075
107400 2.0198062976445157 3.7531196507939533 0.05282012207513572
107550 1.9474277119695043 3.6827053994488863 0.04972202573657219
107700 2.04953423051015 3.7633929040534366 0.05403361997447131
107850 2.080171271335859 3.833106865180782 0.055355364228227386
108000 2.036353665992526 3.7538576872070872 0.05313761295762164
108150 2.0460254890055745 3.787520201659641 0.05419136607230989
108300 2.011281545176828 3.783506074566051 0.05237847348915105
108450 1.9885049279482088 3.734631248778361 0.05160122055651769
108600 2.0604620180978364 3.787820878935738 0.053956194266539775
108750 2.04720686366953 3.808641454924835 0.05435270295004172
108900 2.097431323279632 3.813512132211697 0.05462680609633952
109050 2.0664342462650835 3.8095199337766212 0.054668035638158675
109200 2.002747595675884 3.736024466028974 0.05225431578565229
109350 2.012926081572574 3.7448612649016586 0.052683071347604866
109500 2.039666113312259 3.8168159789102942 0.0538629809783006
109650 2.068462014563976 3.835224791538496 0.05493741873880288
109800 2.0218788959497322 3.784650162685137 0.05329070452806409
109950 2.087959629260689 3.8923021788977405 0.056077687241182735
110100 1.9826346134846926 3.713502161341942 0.05129510288818116
110250 1.9295098617032993 3.6560428720310423 0.04889282014540917
110400 2.02344883073327 3.790170182479671 0.054353851425044376
110550 2.004165338592295 3.759765739089872 0.053159909837085045
110700 2.046451293251997 3.790499632343924 0.05369311388284882
110850 1.9619893267110813 3.7175321469277693 0.05099390104321614
111000 2.0224513023908886 3.7628738887470923 0.051928340080279876
111150 1.9744271171604928 3.7346680551950184 0.05128476773874343
111300 1.9879717296617894 3.7278143321078248 0.051383560214854455
111450 2.0285061722152804 3.744452551098689 0.052258511999496285
111600 2.008410664423843 3.732543483833594 0.0520516594677615
111750 1.9575761084907626 3.7232271681534 0.051221222982404786
111900 1.9858661363461265 3.7284802768859393 0.05198270938947706
112050 1.9683141024566135 3.6981570808434046 0.05112037756280299
112200 2.0301628635704883 3.7653254533837908 0.05336170669850762
112350 2.035189044987497 3.769599284862448 0.0533060451363859
112500 2.1022849920337188 3.913449664057398 0.05728398353729877
112650 1.967014216572229 3.6770872265283314 0.050484594220489815
112800 2.0115026476924407 3.801311776681912 0.05347313157117074
112950 2.0125525981370656 3.7668648950892725 0.052350027223854706
113100 2.1182232250465205 3.890936912934473 0.05690249001344472
113250 1.999681072001077 3.7343997611589956 0.05242310991179358
113400 2.04056465223523 3.7842359791504094 0.0541618163440308
113550 1.907841458276737 3.623481303636282 0.047999413786855946
113700 2.016823966078963 3.773297086815161 0.05248739194422046
113850 1.9864752614425003 3.7391009242988074 0.051749667324171474
114000 2.0568821379012125 3.8429527282714844 0.05492486280212008
