1 5.559698320016628 9.024174085477503 0.15745597278199544
2 2.397048748847915 4.823969832280787 0.05791080875958248
3 2.3164136206231465 4.813216955196567 0.05537535592050451
4 2.5427694226183544 4.885752848008784 0.0689227308555529
5 2.2757685460695405 4.83146505094156 0.05196748903339229
6 2.4150562366334403 5.040746757170049 0.054816357836854165
7 2.273305967813585 4.56699508719328 0.05351497357847487
8 2.153324824280855 4.41830604977724 0.053011874577439416
9 2.1456400759336427 4.439268942286328 0.05204782708797876
10 2.1337613921339917 4.48932571091303 0.04924114082553765
11 2.08130417655154 4.336640366693822 0.04956986474600143
12 2.1171230194045276 4.361008918866879 0.05280569777256105
13 2.1476279780632113 4.3218550536690685 0.053997233544090174
14 2.09118637587966 4.359346588937248 0.048494009903018796
15 2.06740244932291 4.286097916161141 0.05011341673117585
16 2.0877077303281646 4.330131854952835 0.04829299413576359
17 2.0619583631434093 4.2570735099839005 0.05080548699990642
18 2.110677238644623 4.356004169801387 0.053104890714876535
19 2.0318538212194674 4.248320900812382 0.048155998913344086
20 2.024168584404922 4.209685753031475 0.04919218712645333
21 2.0257989735138127 4.228904836061524 0.04902529767600865
22 2.0480332665327117 4.251672233023295 0.04878992342003962
23 2.0134975822960457 4.202012611598503 0.0484079683949126
24 2.0383695240427806 4.25589604203294 0.05042663779927463
25 2.001325491724945 4.165979616525696 0.048877333756536245
26 2.0104848996895117 4.163616837524787 0.04904873580558271
27 2.033165133580929 4.239092723625462 0.05139520890420166
28 1.9789305838142954 4.133596581656758 0.04692380888978156
29 1.9822688546122573 4.14744651753728 0.048346029356031155
30 1.9796256662868872 4.1394819791724045 0.04676898731282208
31 2.0269909733679237 4.166235920859546 0.0474191537899215
32 1.9944578939821662 4.1397483566912205 0.0467720889917961
33 2.017514564642092 4.17010022954243 0.04716897528709435
34 1.964201668413674 4.093310235477075 0.046939330538961946
35 1.9740885314418049 4.054629221195128 0.047990598602265844
36 1.9895636381172552 4.162741069386645 0.04950878643090042
37 1.9984473149950912 4.183246939647488 0.046514388014812294
38 1.9627404227489378 4.054628968238831 0.04780502161919707
39 1.9767503091474858 4.11692210813848 0.04624892005742323
40 2.0137524590259646 4.170067622894194 0.045723154800149
41 1.9537849222741477 4.039324889822704 0.046509509202002024
42 2.0093512535095215 4.063296732379169 0.05101258232735279
43 1.9619243610195998 4.083096415531345 0.045204181394471625
44 1.9334142753263799 4.0104953123302 0.04685124172261212
45 1.934664241424421 4.024909141587048 0.04475979134440422
46 1.8966535337087584 3.9252931969921763 0.04459448062201462
47 1.9082334819363385 3.9318707439957596 0.046404677499994273
48 1.91445118552301 3.950241197900074 0.044730295211349316
49 1.9638131130032423 4.091329046865789 0.044516941475704674
50 1.9159619459291783 3.91230256383012 0.04572999980527817
51 1.8869958592624199 3.8882588206267936 0.04436383161284938
52 1.9004647353800332 3.8614020114991723 0.045059635803648614
53 1.8732168827115037 3.8829673921189656 0.04447809651085153
54 1.9143178412100164 3.94097147918329 0.047672258394702176
55 1.8776761409713 3.8982065392703547 0.04479120509335544
56 1.9057101083964836 3.926716821949656 0.04676442906805655
57 1.883845427414266 3.9115704603311494 0.045742597805744994
58 1.9341265282979825 4.008584765399375 0.04907614934235448
59 1.8827693651362163 3.8820991821405366 0.04484127984359497
60 1.8722376307336295 3.8684343346735326 0.044671954632532304
61 1.8803901039972537 3.8506295826376937 0.046730902568414445
62 1.8806723189063188 3.8496793159624425 0.04297334782597495
63 1.8487388171800754 3.7994785032621246 0.04315089808050089
64 1.8593655330378835 3.8656053412251357 0.04285859568725999
65 1.887281092928677 3.8431558303716704 0.0468243293850342
66 1.854186656271539 3.848606063098442 0.044059790250640815
67 1.8692150224999684 3.8400344645104756 0.04533469485028124
68 1.846752932158912 3.824664335425307 0.04386799186240972
69 1.8333965016574394 3.795226640817596 0.04303271359786755
70 1.8458258327914447 3.812620338870258 0.042567279235255426
71 1.854413702720549 3.7463866719385472 0.04513871764037304
72 1.862573743593402 3.839230165248964 0.04369389503149361
73 1.8416471888379353 3.7842747089339466 0.04216288404948101
74 1.8287359243485986 3.793287719168314 0.04207640439953383
75 1.8202469457940358 3.7770897702472968 0.04249774297790193
76 1.8714328560887314 3.8216378863264873 0.045035600026206275
77 1.8189496477929556 3.7485145592108005 0.041600973674709475
78 1.8412242589927301 3.7924796037557646 0.04206922903611529
79 1.8226854524961331 3.762467885889658 0.04151608738139635
80 1.822788334474331 3.7845826483354337 0.04285957799406677
81 1.8239967881179437 3.760509695948624 0.043125227127769374
82 1.8106295531842767 3.717278630268283 0.04248806086891308
83 1.879714244749488 3.884969135610069 0.04674908984452486
84 1.812902601753793 3.774092509979155 0.041611567366777395
85 1.8328746680806323 3.829308467667277 0.04268418533000641
86 1.8164630256048062 3.7248490031172587 0.04159601241713617
87 1.8391551179129904 3.7985338088942737 0.04494397664760671
88 1.8356276736026857 3.770555068806904 0.041545546818070295
89 1.8078119384079445 3.6854655931635603 0.04338282741969678
90 1.817977719190644 3.7035398643191266 0.042020193846305696
91 1.8020571433916324 3.7204063374821734 0.042174427554283925
92 1.8142580382707643 3.7018488950845674 0.04381816281096601
93 1.8126777490464652 3.7115741575636516 0.04257780679206296
94 1.8018086618039666 3.71337534305526 0.04221879262704312
95 1.806141444095751 3.7106868770064376 0.04328121204020047
96 1.8742040373930118 3.8405502438545227 0.04679874785062743
97 1.8217553103842385 3.7756448460788263 0.0437164011797527
98 1.7986389783824361 3.7231968568592535 0.04128508605971569
99 1.7966940184918845 3.681707988424999 0.04175585409535504
100 1.8078335458185615 3.7438874230152224 0.043197313244113834
101 1.8254673851699363 3.7449815026143702 0.0445608353105987
102 1.782269735888737 3.6903118622012254 0.04249109703729429
103 1.8206313310599909 3.756703453819926 0.041701847164914374
104 1.7890532547380866 3.694758825185822 0.04180738783055326
105 1.7887555389869503 3.7184003257169955 0.041184926916640704
106 1.7920953914886568 3.7036802187198545 0.04066887911318279
107 1.799385288866555 3.6780633170430255 0.041391714725915976
108 1.839725407885342 3.8329090795865874 0.04177684515214911
109 1.7805028972102375 3.6731602796694127 0.04089346597334597
110 1.8406358920946353 3.8196489563802394 0.045279668541852294
111 1.7805045210733645 3.654457960186935 0.04164940721877828
112 1.7806499673099052 3.6392276228927987 0.04169275533271635
113 1.7781833555640243 3.627274898494162 0.041510898040653
114 1.8199522836906155 3.7324739563755873 0.04139064285313574
115 1.7890132592945565 3.6927609559966297 0.04221087942899364
116 1.814668752071334 3.7363605470192143 0.043718421559144814
117 1.800499429789985 3.717413394916348 0.04042148238002527
118 1.8102998108398625 3.682948252049888 0.04112944259058412
119 1.7946850621118777 3.7068481314473036 0.04048918829322225
120 1.7742307571376241 3.6297637195121952 0.04140028645988644
121 1.8269986015994375 3.7984869247529565 0.041174529847211955
122 1.775989533197589 3.6857945773659684 0.04104471046522987
123 1.7887857599956234 3.6715164896918506 0.04271825933374646
124 1.7829555476584085 3.664673632237969 0.04274691846903141
125 1.7658869006284854 3.601940544640146 0.03997995930428549
126 1.7740778276106206 3.676265388000302 0.041714982595294714
127 1.7631016708001859 3.620958165424626 0.04061743287687621
128 1.7636909455787846 3.6219566464424133 0.041039156602559294
129 1.7927568729330854 3.6689315554572315 0.042913749268869074
130 1.798654135407471 3.7226127400630857 0.04349206039318588
131 1.8040118043015643 3.713220881252754 0.04183938364475602
132 1.7638051713385232 3.6471685520032557 0.04019201574165646
133 1.774876116252527 3.6704755425453186 0.04210300123455321
134 1.7851895908030069 3.7020651465508996 0.042705168038970086
135 1.7765641575906335 3.6337990426435702 0.03963515890489628
136 1.7754233762985323 3.634542497192941 0.040972300998230536
137 1.7600658826711701 3.5934369985650227 0.04135465754832073
138 1.7840990038906657 3.69287975823007 0.042991835351397355
139 1.7724960737112092 3.617545790788604 0.04222059883631584
140 1.8072283609611233 3.7270839039872334 0.04031179810124563
141 1.764819521729539 3.608542751975176 0.042002074852040626
142 1.7506011324684794 3.612424423054951 0.04081176584813653
143 1.7607447926591082 3.6575143758843587 0.041567768958374496
144 1.7635313468735392 3.64375196579026 0.04008983041545967
145 1.7652044296264648 3.6495863373686626 0.039992683771543386
146 1.7638726757793892 3.638772535614851 0.0402947724228952
147 1.7581048360685023 3.5915295336304642 0.041372666703309954
148 1.7530175134903048 3.6007003726028817 0.04050383440832176
149 1.743353949814308 3.583538738692679 0.04093009052889013
150 1.7570690105601054 3.624083654182713 0.04016725900696545
151 1.7787752573083087 3.643307748364239 0.04017598503382831
152 1.7774345227857915 3.6254667683345514 0.042286383544617306
153 1.748609656240882 3.609599466730909 0.04010638375425848
154 1.7669038205611995 3.6535045853475245 0.040283758284115206
155 1.768865820111298 3.6506942626906604 0.039855858992512636
156 1.7655374196971334 3.587098860159153 0.041209214264754115
157 1.7600206354769266 3.640859215724759 0.04143659651234019
158 1.7392924856848833 3.577344487353069 0.0398035260235391
159 1.7572709685418664 3.626307106599575 0.04241372707368034
160 1.750744326812465 3.6410297693275826 0.03948003314889786
161 1.7429799764621547 3.605827418769278 0.03973922426471623
162 1.753247617948346 3.5888847228957386 0.042084866192010115
163 1.7438525550249147 3.60782908957179 0.03971753571545932
164 1.7527913262204426 3.6300870470884368 0.041062194626869226
165 1.7478083321234075 3.6323637409908014 0.04131626522895403
166 1.7872205093139555 3.6132164830114784 0.043584370803905696
167 1.7386033825758027 3.5908168481617437 0.040402341338737706
168 1.7519482904818 3.657800902680653 0.04188896665667615
169 1.7561032168748902 3.60409709738522 0.03993529545870132
170 1.812952729986935 3.754861261786484 0.04037700264101348
171 1.7385642942858905 3.589387669795897 0.03962128627591017
172 1.7376049735197208 3.5810302714022195 0.040330770391425706
173 1.742700573874683 3.605134623806651 0.03969285984682601
174 1.7439995364445011 3.60741596832508 0.041167156430097614
175 1.7396810941579866 3.570302854223949 0.04084465066652473
176 1.7459222550799207 3.61424288226337 0.042171158895986834
177 1.75628840269112 3.6281588833506513 0.0410857809048782
178 1.78241912184692 3.6922823946650434 0.04278586125682767
179 1.7349141647176045 3.5683419021164497 0.039927087122256434
180 1.7448009645066611 3.596907143185778 0.039545279961624526
181 1.7282377619568894 3.5483968563196138 0.03985312376625654
182 1.757534054721274 3.629553242427547 0.0403460679098782
183 1.7454009281425942 3.566793367630098 0.040462816713332406
184 1.7340317019602147 3.5942927962396203 0.04096784284792659
185 1.7457908115735867 3.5972330192240274 0.040761361057620224
186 1.7773026903954947 3.6382870703208736 0.04325487711126121
187 1.7366781285623225 3.550951147951731 0.04077666183570173
188 1.7626267424443873 3.6820753085904006 0.04220344612329471
189 1.7753110222700166 3.6632258833908455 0.03972853829221028
190 1.7322383755590858 3.6030133075830415 0.04038412880334186
191 1.7355980058995688 3.5545466178801 0.041212126453656975
192 1.7307379572856716 3.5716660168112777 0.04063556532988825
193 1.7395415233402718 3.590464478585778 0.04041769899564182
194 1.7324983063267498 3.5524450278863675 0.03983375813993739
195 1.7444652755086014 3.5968143256699165 0.03939215997915443
196 1.729888536581179 3.5696992161797314 0.03981246299496511
197 1.7416329136708888 3.5880535535696074 0.04114384643688071
198 1.8092997423032435 3.7110048227193877 0.04063419376431805
199 1.743699824664651 3.5607416833319316 0.04151568097266846
200 1.8236864485391757 3.7333972454071045 0.0407213057822934
201 1.7773313696791486 3.6867705539959235 0.040455079660183045
202 1.7372798272749272 3.5589167083181987 0.041473478987449554
203 1.78310143293404 3.6289704064043558 0.041059913397653074
204 1.750432022461077 3.6184046617368373 0.039899463583601684
205 1.7313741510961114 3.5709299241624226 0.03965183957366318
206 1.7527958554465597 3.613868566547952 0.04097062598050731
207 1.7224146062281074 3.5527569128245844 0.03972857839586895
208 1.7567509369152348 3.563090427619655 0.041483427307046045
209 1.730177673624783 3.5795984602555997 0.03955078279463256
210 1.7651949321351401 3.662528463980047 0.042928603636782345
211 1.723073217926956 3.548664888230766 0.0408817191222092
212 1.719642879759393 3.5435369232805765 0.04026914055163904
213 1.7566964211987286 3.5885441782997876 0.04051228848899283
214 1.7370638585672147 3.57045369322707 0.039333345720589885
215 1.7325453009547256 3.5513180523383907 0.040250548206996625
216 1.7975675783506253 3.7531510286214873 0.0440322424557696
217 1.764330573198272 3.623962056346056 0.04028866737626675
218 1.7525915954171158 3.6160836772220892 0.03949378985093861
219 1.7303269265628443 3.5786401411382163 0.03979428907538333
220 1.9047796580849625 4.0228433260103555 0.0413176173162533
221 1.7293168822439706 3.5243465871345707 0.040180238122801956
222 1.7268242014617454 3.5615162674973653 0.039436003488556644
223 1.7238759500224416 3.5348933789788224 0.03977899984797326
224 1.7281575013951558 3.580520685126142 0.03991915469580307
225 1.7507436246406742 3.6489841967094234 0.04190459716837944
226 1.7869480921000969 3.6801029211137353 0.04446832558549032
227 1.7470464328440225 3.609682565782128 0.04146923554107183
228 1.7186067213372487 3.5471190461298314 0.04039600146252934
229 1.71966410846245 3.5409878739496556 0.039127258856485526
230 1.741993907021313 3.5760147208120765 0.04009722400365806
231 1.7487964869999304 3.64742560939091 0.0392212044765673
232 1.758564722974126 3.6524316421369227 0.04002278877376783
233 1.7317246961884383 3.565600806620063 0.03994479943521139
234 1.7414631843566895 3.6232512796797405 0.04161611705927587
235 1.7111093401908875 3.544176186003336 0.03900554097007688
236 1.7075220869808663 3.5222973067586016 0.03914998138959452
237 1.7239493088024418 3.551771777432139 0.04053592553543972
238 1.7223458798920237 3.5262812506861803 0.04050695084080827
239 1.7293371289241604 3.5843454337701566 0.04041939888649234
240 1.7286982252830412 3.5590693049314543 0.039252250625683764
241 1.719524826945328 3.5671998931140436 0.03951477708022406
242 1.7780797045405319 3.6620189024180902 0.04336931098752269
243 1.716341173503457 3.529461427432735 0.03849043809558924
244 1.7356392174232296 3.615969058943958 0.04143864750044375
245 1.7237871223833503 3.540563190855631 0.0396747103914982
246 1.715868172122211 3.5580280728456453 0.03925349103377723
247 1.7122044396109697 3.5209244416981207 0.03944549162122535
248 1.7299233805842515 3.580966508970028 0.03931667927152863
249 1.718519381633619 3.529515043991368 0.039265466331527
250 1.7052551791435335 3.5143058125565694 0.03889008200295815
251 1.7378130526077458 3.5598557329759366 0.04070489054046026
252 1.7136884418929494 3.5579694654883407 0.03984355337054628
253 1.7096457823020657 3.5238776555875453 0.03917247318185684
254 1.7127059705373717 3.5245990433344025 0.038937595139098606
255 1.7101841329074488 3.5171269992502725 0.03932770651697022
256 1.7095199583507166 3.5507562218642814 0.03940631668424097
257 1.7231253930708257 3.5459220133176665 0.03943243301359982
258 1.7422517051057118 3.5872177874169697 0.040064122062176466
259 1.7490425902168925 3.6098495256610033 0.040610742528082396
260 1.749772574116544 3.6194450215595526 0.04175792810529834
261 1.7117168627134183 3.5429834069275277 0.039621812688959084
262 1.7268698433550393 3.5399583897939544 0.04081238345129461
263 1.7118435611085194 3.5158733376642552 0.03955787679225933
264 1.7427999944221684 3.6524667536340107 0.0425040545509901
265 1.725089166949435 3.532628677240232 0.039477889198900724
266 1.707441681768836 3.524907269128939 0.03980776149688697
267 1.718735455739789 3.5302917739240134 0.039395514285055604
268 1.7198658149416854 3.5305318236351013 0.039770878226746145
269 1.7098438027428418 3.5390177223740555 0.04038536644018278
270 1.708064863594567 3.520460034289011 0.039135830590456
271 1.7011408333371325 3.5212137960806125 0.03943960462901287
272 1.6997308222258962 3.5078509319119338 0.038350172511233786
273 1.7444376727429831 3.6416320044819903 0.041446291478123606
274 1.735422753706211 3.5548468188541693 0.04109105516633973
275 1.7126610962356008 3.5649978518486023 0.03855628169300716
276 1.7307710473130389 3.5956728574706287 0.038726784902193195
277 1.7200176585011366 3.5048742483301862 0.03976422148506816
278 1.748219460975833 3.615520657562628 0.03907380890237486
279 1.7090922826673927 3.518021052930413 0.03941924460005106
280 1.7231071278816317 3.5598976612091064 0.03880451320920412
281 1.7336819767951965 3.6012125771220136 0.03879382251193974
282 1.7104481742149447 3.4910184813708796 0.0397259664108477
283 1.7429927812843788 3.5957201137775328 0.03985109254036371
284 1.7467492695261793 3.628354904128284 0.0394239401467508
285 1.707823129688821 3.525060362932159 0.03922708479051546
286 1.7196565692017718 3.564573254527115 0.04044888236718934
287 1.7164767304571664 3.571792044290682 0.04003063529139248
288 1.7067860423064813 3.5427502451873405 0.04023440790975966
289 1.7017244609390818 3.505244727541761 0.03909297771297577
290 1.7196991952454173 3.554513591091807 0.04073512723396828
291 1.7035379213530844 3.4962892096217084 0.039090709056614374
292 1.7466629358326518 3.585504726665776 0.04238399281734374
293 1.749429661326292 3.6456086068618587 0.04212844302514341
294 1.7771349491142645 3.6645671361830177 0.04380144192496451
295 1.7206973607947187 3.535816160643973 0.038771507318881224
296 1.7207934202217474 3.5924078909362236 0.04024569869677468
297 1.707926564100312 3.5425875768428896 0.03959787152026121
298 1.722297744780052 3.5730999402883574 0.040260939415907714
299 1.7303554255787919 3.534168897605524 0.03943921264442729
300 1.7294356706665783 3.535322046861416 0.04042850423422528
301 1.6919318437576294 3.5083022873576093 0.0385511526724369
302 1.7332299111819849 3.5940651050428065 0.03999960655346513
303 1.7236719545794696 3.560744832201702 0.0395230139242258
304 1.7013498719145612 3.4956050994919567 0.039078820803452555
305 1.7208165686304977 3.5479971010510516 0.04132625937643575
306 1.7006535035807913 3.50202123857126 0.03953825213333092
307 1.7359179120238235 3.6112521203552803 0.03892403307211835
308 1.7195578224775268 3.527272198258377 0.03935522596329087
309 1.720524302343043 3.5697276752169538 0.04001236246989631
310 1.7304840385913849 3.6061286373836237 0.040038265651319085
311 1.7289400834862778 3.556774552275495 0.041432957494313395
312 1.7111295621569564 3.546181495596723 0.03914834539655868
313 1.7134497783532956 3.5589776184500717 0.03969612591559204
314 1.7170147045356472 3.5414694155134807 0.04065721203777485
315 1.6968068734901707 3.5062237163869345 0.03933378058008668
316 1.7117406275214218 3.5100544792849844 0.039206645088043154
317 1.7068673633947604 3.5041636257636837 0.03918373061162306
318 1.709692837988458 3.5363016739124205 0.03959261231896717
319 1.715870084559045 3.521617863236404 0.03945013450276924
320 1.7007666753559578 3.507634434758163 0.03937628929980281
321 1.7063001161668359 3.481630646600956 0.039081333591262014
322 1.7355948948278659 3.5805668918097893 0.038836274636773076
323 1.7180807481451732 3.571039922353698 0.04050216291145217
324 1.688919501333702 3.482807003870243 0.03889530461008956
325 1.7096123848019578 3.5026106296516044 0.03924183528188888
326 1.734136354632494 3.614198360501266 0.039718360776399696
327 1.7330688877803524 3.571055662341234 0.03994748362044736
328 1.7233750631169575 3.5417997081105304 0.03999446047379113
329 1.7299472551520279 3.5451562622698343 0.041094665574591335
330 1.716437141342861 3.5309535061440815 0.039577750875273855
331 1.7013593475993087 3.5248128495565276 0.039701029976330154
332 1.7758009368326606 3.646534108534092 0.042970218786560904
333 1.7016085815138933 3.5097987128467096 0.03987429442065882
334 1.7010907988722732 3.5019900319052906 0.03989138052140067
335 1.7096099628180992 3.5511621600244103 0.039321303265396415
336 1.6942299655297908 3.5090081052082343 0.03918940286583653
337 1.7141864081708396 3.5541066309300864 0.040499723607265364
338 1.726240931487665 3.545136191496035 0.04127676252321136
339 1.7144176269449838 3.546599465172465 0.04070977241982047
340 1.7052967199465123 3.5309676600665583 0.039164440797233
341 1.7167197073378213 3.5145001818494097 0.040911699815585116
342 1.7054399237400149 3.5078401478325447 0.04000888837546837
343 1.7037482174431406 3.519250568820209 0.04032830809947194
344 1.702652492901174 3.5200859162865616 0.03992132115654829
345 1.696820310703138 3.4953279189947173 0.03855802097198803
346 1.7722499348768375 3.6759378197716504 0.03995929975289761
347 1.7250215847317765 3.5895467298786814 0.03912124745320619
348 1.7605784571752316 3.6693594877312825 0.042520976511806974
349 1.705320302306152 3.4934292435646057 0.03945138932364743
350 1.6900232099905246 3.4988915498663737 0.03851410896494621
351 1.6958903677579833 3.5133100326468303 0.03850006977686795
352 1.704273258767477 3.491069587265573 0.03928409502046501
353 1.7043784769569956 3.516019097188624 0.03997402623432075
354 1.6874340176582336 3.4862757615926787 0.03851453469293874
355 1.7261470069245595 3.535554051399231 0.04116290027457403
356 1.7041216274587119 3.5132588627861767 0.03956123383534027
357 1.7193863013895547 3.512760134731851 0.04029110116066366
358 1.6904763644788323 3.486257271068852 0.03896785596749041
359 1.7127337426674076 3.553506572072099 0.040041053224718424
360 1.7023527186091354 3.517106259741434 0.03957864926083059
361 1.71640122663684 3.57174534768593 0.038724006982747375
362 1.7042075104829741 3.5035637210055097 0.03891071309221954
363 1.7148136220327237 3.535817070705135 0.04053411076254234
364 1.7017840386890783 3.5187551088449434 0.03897264026241695
365 1.6962799713379 3.5429130312873096 0.039440017920441744
366 1.7024754154972914 3.5091592684024717 0.0386660563782221
367 1.7020928081942768 3.5246681149412944 0.03983691218876984
368 1.7168052458181613 3.5624195817040234 0.040010935354341824
369 1.7135256332595175 3.508355809421074 0.03865395710099398
370 1.7019097710528024 3.539261378893038 0.03941822669854978
371 1.765288465633625 3.6294743505919853 0.03911912542336234
372 1.7386027996133013 3.5130807001416278 0.04023307507357946
373 1.7196067477144845 3.5282202435702814 0.038906576259561426
374 1.7455502108829777 3.618427285333959 0.0399293279752317
375 1.7699306629052975 3.6330065596394423 0.04239296665551459
376 1.7420812147419626 3.6394834198602815 0.041816513474303776
377 1.7336728689147205 3.5820712011034894 0.04032172295605627
378 1.7556667335149718 3.621402555849494 0.04264489221727339
379 1.698232031450039 3.5134800294550455 0.03946394274556419
380 1.698491542804532 3.5211777527157855 0.03805524291379786
381 1.7449375369199893 3.5940253153079893 0.04052515451728207
382 1.7132447034847447 3.532855706970866 0.03973742734595406
383 1.6986013200224899 3.527371860131985 0.03865378929256666
384 1.7633087416974509 3.639734596740909 0.0397517063382377
385 1.7238339418318214 3.545662984615419 0.04153756029540446
386 1.687259786739582 3.503132543912748 0.038214859620827
387 1.7099431077154672 3.5347460537421993 0.03945380502675728
388 1.6865736253377868 3.494254436434769 0.0382949779855042
389 1.7021828017583707 3.5396136263521707 0.03806324605262134
390 1.7234275341033936 3.5761576949096305 0.03871046121391218
391 1.7034810461649081 3.5357994757047515 0.03939280152411723
392 1.7046241796598203 3.546866656803503 0.03972288983215282
393 1.685586815200201 3.4981135682361884 0.038606582641056396
394 1.720340683692839 3.5747376186091726 0.03964546127471982
395 1.7050646710686568 3.507901380701763 0.03994377700203076
396 1.7195201218128204 3.566277392026855 0.03909344547541767
397 1.7311500521694743 3.6098680205461458 0.038500761317952374
398 1.711820752882376 3.56734136255776 0.04073475910032668
399 1.717381377772587 3.5435092085745277 0.0388671007438949
400 1.7095966099238977 3.5496962681049253 0.04032831576584679
401 1.6961772056614481 3.4873171623160197 0.0392197203458991
402 1.7007971805770223 3.5232315092552 0.03865160722648952
403 1.6921373896482514 3.4690744513418617 0.038899921971123394
404 1.6916294010674082 3.4797453734932877 0.03834346565985825
405 1.7104961755799084 3.5436813191669745 0.03984242593642415
406 1.6941781400180445 3.5036233939775605 0.03834434553253942
407 1.7101185896047733 3.5522200508815485 0.03874311601833963
408 1.6899905328343554 3.5027715927217065 0.03852690313374851
409 1.688148219410966 3.4990457369060053 0.038437738639825
410 1.7090316741931728 3.488292644663555 0.03966313320007629
411 1.693612161206036 3.497684193820488 0.03858165950627952
412 1.6916803630386912 3.4928467288249876 0.03905327890704318
413 1.7016997344610167 3.5230219683996062 0.039614950988169126
414 1.6951520544726675 3.479384372874004 0.0391926705133079
415 1.7066791733590567 3.5330329755457437 0.03933451463263936
416 1.7120325797941627 3.570252702003572 0.039360174988737194
417 1.7331156868760178 3.6346333375791224 0.03882314884898866
418 1.7029112264877413 3.505153150093265 0.039270897077896244
419 1.6899656333574435 3.495411135801455 0.038110966112737246
420 1.6963502742895267 3.4995396340765605 0.04000921162390491
421 1.7159717911627235 3.5545355008869635 0.040972541824619214
422 1.6963550346653635 3.5077836295453513 0.039936577481013244
423 1.6994052136816629 3.4971265429403724 0.03925674991318729
424 1.7076156917141705 3.5550244406956 0.038750728172045654
425 1.7159206794529427 3.5672554548193767 0.038742614194478206
426 1.7142200702574195 3.533589912623894 0.03828205750891712
427 1.7174961843141696 3.554268239474878 0.04077018235196791
428 1.730289884456774 3.5733066186672304 0.040403628415178236
429 1.7400818721550266 3.557360506639248 0.042324963321046134
430 1.7013542659398986 3.5435471273050076 0.03963677691886338
431 1.6823568322309634 3.4700270324218563 0.038557065219232224
432 1.7033552520158814 3.5399043908933314 0.040032028334169856
433 1.7261651674421823 3.5431628314460197 0.04119608064023096
434 1.704555027368592 3.532669534043568 0.038762721551082485
435 1.7415233043635763 3.641978093763677 0.04195334375040924
436 1.6976619348293398 3.521992860770807 0.039385425790054045
437 1.6993336764777578 3.5224516130075223 0.03826751908650849
438 1.69524040890903 3.5001309673960614 0.03859372032669986
439 1.6845025064014807 3.483880284355908 0.038681423087127326
440 1.6969658223594106 3.495608802248792 0.04007493822676379
441 1.7842943784667225 3.6790508089995964 0.04469770353242028
442 1.69606661941947 3.505066673930098 0.03869403445548037
443 1.7042985740231305 3.5347321411458457 0.03889164264972617
444 1.6895472407341003 3.492721258140192 0.039200777869399
445 1.7010189447461106 3.496217644796139 0.037868174406268246
446 1.7001059963935758 3.5229326079531416 0.039121140680480296
447 1.6846081694451773 3.487096609138861 0.0384765101096979
448 1.7332934846238393 3.6019255039168567 0.03837979156751095
449 1.707436493257197 3.536247861094591 0.039592298361041195
450 1.6924669531787313 3.529889273934248 0.03863719092091409
451 1.6945557594299316 3.495453221041982 0.03839649641659201
452 1.7102173159762126 3.542899533015926 0.0386734210499903
453 1.6896650754823916 3.5207634422837235 0.039034531906065414
454 1.698919382764072 3.5015235019893183 0.03806586913401034
455 1.7131895924486764 3.5419874641953446 0.0406389546739619
456 1.6864119382893168 3.4633587031829647 0.03931128312038576
457 1.7335613362672853 3.5894639462959477 0.03843730082735419
458 1.6928821126135385 3.4739360053364825 0.03859070078583389
459 1.7024334436509667 3.52237676992649 0.03924167542377623
460 1.7044245055535945 3.5392381577956966 0.0386677055119923
461 1.7454520027811935 3.6265098510718925 0.04237273594409954
462 1.7000462005778056 3.512545767353802 0.03988493113528665
463 1.7247400429190658 3.609973279441275 0.041359776846791915
464 1.7259185764847733 3.57580350375757 0.0385320060318563
465 1.7016593036128254 3.538515114202732 0.03820381499826908
466 1.694667273905219 3.4917181643044075 0.040033112245998
467 1.6849295838576992 3.470597777424789 0.03802960638592883
468 1.7041895789344137 3.5182126338888957 0.038490834464205474
469 1.701181248193834 3.5465593105409203 0.038826992383181325
470 1.7581083185789061 3.6636941462028316 0.04261640944268282
471 1.691673984614814 3.5181219781317363 0.03794301598809841
472 1.7065613735012892 3.477053320989376 0.04018782459699163
473 1.6993257119888212 3.526267285754041 0.03962235990911722
474 1.6891941624443705 3.4878149948469024 0.03869173714391342
475 1.7119007481307518 3.547514614535541 0.04033765423952079
476 1.7278813051014412 3.564156687841183 0.04071052708640331
477 1.6824361376646089 3.4669274397012666 0.03843824057726235
478 1.6888069706719095 3.4651372752538543 0.03910485429053263
479 1.7541749957131176 3.6246732705976905 0.039462406937850684
480 1.68616367912874 3.4879146625355975 0.03935592082079228
481 1.687375809361295 3.5057166974718976 0.0386492446428392
482 1.6957112361745137 3.497317033569987 0.03835729264268061
483 1.6848971211328738 3.4853967675348607 0.038795894818244185
484 1.6788760460004575 3.4724182602835865 0.03857002929761642
485 1.6921273804292447 3.483321740859892 0.0389162438989776
486 1.6972090209402688 3.488750652569096 0.03827645079936923
487 1.7107851229062894 3.549365319856783 0.0403579672139774
488 1.7129512538270253 3.5569375637100964 0.03865754571402582
489 1.7189306093425285 3.588500597128054 0.04042425092945739
490 1.6826980382930943 3.499511602448254 0.038955621364549164
491 1.6896256237495235 3.5020917014377875 0.03851740097445322
492 1.744158909088228 3.626846400702872 0.04148890287047479
493 1.7047514333957579 3.5394545444628087 0.039643790686457625
494 1.688307235880596 3.4976609930759524 0.03796165980534946
495 1.7149191135313453 3.5357635966161403 0.040308525251996956
496 1.6875571964717493 3.496906388096693 0.038353312453936514
497 1.6843797121106125 3.4648087809725507 0.037833837542410306
498 1.6902197781132489 3.452331747950577 0.03891345077171558
499 1.693689450985048 3.500248794148608 0.03964948358877403
500 1.675703946410156 3.471972513489607 0.038334994054422145
501 1.6932232031008092 3.5083573620493818 0.03931965477900898
502 1.7100338572409095 3.5722579578074014 0.04044272523464226
503 1.6996699811481848 3.527107216962954 0.03913020858223119
504 1.6795988562630444 3.477453615607285 0.0388562831936813
505 1.6930996186849547 3.5072705818385614 0.03796860991363845
506 1.6923943692591132 3.506003456871684 0.038878524130800875
507 1.7081504028017929 3.5744685588813407 0.04019946852562631
508 1.6776250891569184 3.449727782389013 0.03834540801259076
509 1.6886398494243622 3.4972471260442966 0.038944768537653655
510 1.6867418558132359 3.4880563471375443 0.039062724925759365
511 1.6951641135099458 3.4997163792935813 0.038292428467241
512 1.6890454321372799 3.4803799201802508 0.03853956492981169
513 1.7146502784112605 3.547254691763622 0.03849272761584782
514 1.716652827291954 3.5593423625318015 0.04143188345223302
515 1.7209968043536674 3.5638694312514327 0.040998416657491425
516 1.7133408733984319 3.5645093103734458 0.039128439364636815
517 1.6911647225298532 3.4992687222434253 0.0385370063254746
518 1.6796242064092217 3.478874635405657 0.038419086929047254
519 1.6852285193233956 3.4921630853559913 0.03850339282667491
520 1.720338225364685 3.553585370866264 0.04116406019141034
521 1.6923984405471058 3.500051432993354 0.04003621578761717
522 1.683705044955742 3.4976799400841316 0.03807724784014792
523 1.6917467139116147 3.501264922502564 0.03934101780831087
524 1.678413623716773 3.4867428962777303 0.03812899231547263
525 1.7121729785349311 3.5408521018377166 0.04021354314939278
526 1.7018533210928848 3.4767965456334555 0.03937629688667452
527 1.7151800968298099 3.5075941449258385 0.04073245294119527
528 1.6884070445851582 3.497537086649639 0.038095008831743785
529 1.7004260726091338 3.5119029327136713 0.038890473442379295
530 1.681089097406806 3.4715787026940323 0.038178746633958524
531 1.6862816607079856 3.4986028540425185 0.038471066915407415
532 1.6736909587208817 3.487907300635082 0.03876751728310454
533 1.693635262367202 3.499958707065117 0.03960123228863245
534 1.6818883506263174 3.497555491400928 0.037988009135715844
535 1.6813615495111884 3.4946687977488446 0.03872380865646935
536 1.7027700957728595 3.527097869210127 0.038182527860399426
537 1.6915055280778466 3.4948108385248884 0.03868017834043357
538 1.6902177479208969 3.5146389967057763 0.038021026167836855
539 1.6899135919605814 3.4776449348868392 0.0396045602789921
540 1.6736324400436589 3.4502233688424275 0.03793825663444472
541 1.6774979640797871 3.46716151586393 0.03857253364673475
542 1.6823071473982276 3.4854292840492436 0.038406865080682244
543 1.6941327714338534 3.5030383889268086 0.03904760414280179
544 1.6793047422316016 3.498812758341068 0.03828795192899501
545 1.686312379633508 3.502485942549822 0.03795109325792731
546 1.75954466840116 3.6930789322387882 0.03902521333089325
547 1.6899742047961166 3.501860993664439 0.03906555487433585
548 1.6934350576342605 3.5216567952458453 0.0389985935194645
549 1.6849708717043808 3.4757057035841594 0.0386961630727278
550 1.683096021413803 3.492077013341392 0.03869335462407368
551 1.678889530461009 3.487398346749748 0.03794925678067091
552 1.6835556735352772 3.483370059874 0.038087284010721416
553 1.6809639872574225 3.473028540611267 0.03916300637874662
554 1.6891937386698839 3.5017409092042504 0.03878172689185637
555 1.7154804235551415 3.566486608691332 0.038032072982410105
556 1.6869853451484587 3.516148814340917 0.039376656706558495
557 1.7151132531282378 3.590109498035617 0.041175236312172764
558 1.6942902505397797 3.4889861941337585 0.03881843843520051
559 1.699654699098773 3.5042799289633586 0.03841208241789079
560 1.7061038627857115 3.5221826521361748 0.03873816132545471
561 1.703875184786029 3.5248501707867876 0.039027229019599714
562 1.6819520578151796 3.478079227412619 0.03899371154924355
563 1.6878537513860843 3.503616709534715 0.038617574189585155
564 1.7033950751874505 3.5125245350163157 0.04092257023539122
565 1.7052308684442101 3.5026583424428614 0.03893402115464574
566 1.6972391932475857 3.5225967212421136 0.0381931176000252
567 1.6872535449702566 3.4729832774255334 0.038327495624288554
568 1.6885326410212167 3.482812151676271 0.03911161238736496
569 1.6806626545219887 3.511543650452684 0.03848793918675766
570 1.7279741313399337 3.6013739937689246 0.04077111492387769
571 1.6857984138698112 3.497891317053539 0.03841941384598613
572 1.7015179337524786 3.5217000624028647 0.03827968144380465
573 1.69651716511424 3.5149107473652537 0.03916991533847844
574 1.6917222738265991 3.464838173331284 0.039049958355906536
575 1.6925627385697715 3.51799705697269 0.038580446572202005
576 1.7130555401488048 3.5575710651351184 0.03975732481425128
577 1.6869992402995504 3.5047563270824713 0.03861916659218145
578 1.6722127170097538 3.4502371767672098 0.03853138196622816
579 1.6796984367254304 3.474611802798946 0.03851848900908741
580 1.6831364202790144 3.493949474357977 0.03899405229972994
581 1.7057450290133314 3.4945009626993317 0.039302694463602655
582 1.6834888618166854 3.4732000987704206 0.03804386990917165
583 1.6864307755377235 3.5104960537538297 0.0394348649126364
584 1.7005754040508736 3.5364162936443235 0.039038649544392415
585 1.6794206114803873 3.455403282874968 0.037911666477689655
586 1.683912570883588 3.474766335836271 0.0385286380627715
587 1.6869322475863666 3.4711462157528574 0.0391739435357655
588 1.6882235066192905 3.5015022958197246 0.039276222698390484
589 1.7952367903255835 3.740154241643301 0.04498258636264903
590 1.7003223786993724 3.532689537943863 0.03838411426716825
591 1.6774192808604822 3.4693599096158656 0.03825330410561547
592 1.6827982460580222 3.49039579891577 0.03852779486375611
593 1.6823543157519363 3.4832317465689124 0.03796511183197542
594 1.670194305297805 3.4600969611144645 0.03841828519660162
595 1.6811889024769389 3.4866554082893746 0.03853502706056688
596 1.6692774564754673 3.468186320328131 0.03835875349028445
597 1.6757706280161695 3.4777753309505743 0.039115182612454745
598 1.7763408546040698 3.732412562137697 0.039813588736805974
599 1.68292645637582 3.4813934709967636 0.0386937569781411
600 1.6987987008036636 3.5314938411480044 0.0381900255750047
601 1.683089479440596 3.4990124208171194 0.038914259273286275
602 1.7193777277702238 3.568748745976425 0.04078887828921036
603 1.692718407729777 3.5125071304600413 0.03967116631158605
604 1.6896727426749905 3.5017572277929725 0.03786786265171519
605 1.6931388777930563 3.507958047273682 0.039214996041775474
606 1.7087996274959751 3.57368316010731 0.03826365716437378
607 1.6960678340458288 3.491957469684322 0.03845033346016596
608 1.7054608544198477 3.511051009340984 0.03834753941244832
609 1.6900196569721873 3.509789196456351 0.0382825669877958
610 1.6800664045461795 3.4851476608253105 0.038014068767973565
611 1.6884957966281147 3.5026834621662046 0.03800868642766301
612 1.6821708889996134 3.4699488529344884 0.03885164785357874
613 1.6783769486880884 3.474262198296989 0.03824157475652855
614 1.6814829823447437 3.4857075127159676 0.038044301668045725
615 1.677824476870095 3.486612100426744 0.03872480765893692
616 1.6829444293568774 3.482370498703747 0.03918825549913979
617 1.7561530514461239 3.6583512934242806 0.04299663370702325
618 1.6844874198843793 3.478420478541677 0.03815758378222221
619 1.717379711750077 3.577834334315323 0.0382534105376136
620 1.681080260654775 3.4636383318319552 0.03802487433592721
621 1.708509589840726 3.5285990834236145 0.03870207452919425
622 1.6868908325346506 3.498561773358322 0.03778710593355865
623 1.6915814752985792 3.513198279752964 0.03804873611505439
624 1.6962403204382919 3.499172661362625 0.038575228678471435
625 1.6837270761408456 3.5046810725840127 0.03819768465828241
626 1.7043247281051264 3.5298127706457927 0.040099561100871095
627 1.6817772693750335 3.497069306489898 0.03840616550978001
628 1.6943090230953404 3.5149773228459242 0.03851657196107071
629 1.6740839495891477 3.469453448202552 0.038029254982020796
630 1.6803469468907613 3.4697928428649902 0.03877501598582035
631 1.6848888091924714 3.488321196742174 0.038447082235773165
632 1.673363644902299 3.4585516554553335 0.03831992291550084
633 1.677950267384692 3.482263479290939 0.038708103320947505
634 1.7033139772531463 3.5420169932086294 0.038439191991417876
635 1.6983372365556113 3.477597235179529 0.04061999170836515
636 1.6941762203123512 3.515568584930606 0.03905169778253611
637 1.7021460031590812 3.5114971530146715 0.03831270783458177
638 1.666477308767598 3.4511777933050944 0.03812464351606805
639 1.6887173034795901 3.5003840196423415 0.0390078496392362
640 1.675555425446208 3.4891773360531504 0.038679913867537566
641 1.6791740684974483 3.4656058869710784 0.03826661594212055
642 1.6814037910321864 3.4844606853112943 0.0384056218104755
643 1.6728891025229198 3.4723458827995675 0.03906373864766664
644 1.708388114120902 3.538006817422262 0.038672313105496695
645 1.6882857207844897 3.500029312401283 0.03911438913697877
646 1.8068032264709473 3.773034236780027 0.039987271606195265
647 1.7173091783756163 3.523683103119455 0.04072722508685618
648 1.678876906633377 3.4808257193100163 0.038929838369168884
649 1.692910258362933 3.498667532350959 0.03862699789063233
650 1.6727276786071499 3.4767548863480733 0.03818532721162206
651 1.6777162537342165 3.471423503829212 0.03900955182432038
652 1.6799110661192638 3.471609832310095 0.03772030450494551
653 1.6718279835654468 3.4808429406910406 0.03778600143041552
654 1.7016835408966715 3.514248821793533 0.0401931105567733
655 1.6745502941492127 3.473707319759741 0.038327580272424513
656 1.6708478615051363 3.4721922627309474 0.03863708794162404
657 1.6774686582204772 3.471542387473874 0.03840490464666268
658 1.6779234569247177 3.474726908090638 0.03891355517070468
659 1.6813293833558152 3.4896557316547487 0.03919041135189373
660 1.6974526614677616 3.5249379626134547 0.039297764689275407
661 1.7079106772818216 3.511075486497181 0.038665663348738014
662 1.720622043057186 3.56318100778068 0.04099274475536332
663 1.69338432463204 3.5191231631651156 0.03967650653794408
664 1.6981335187830575 3.50709016148637 0.04043692127778763
665 1.6811648701749198 3.4796666154047338 0.03908998750877089
666 1.6682791717168761 3.4478499177025586 0.038483233883886074
667 1.6900569156902592 3.476425720424187 0.03879994397028917
668 1.6772368768366372 3.4839534904898666 0.03808076438925615
669 1.6803243581841631 3.460532406481301 0.03803613934120754
670 1.6849213031733907 3.5071132648281935 0.039311857939493364
671 1.7066123056702498 3.556826017251829 0.03906698183088404
672 1.681520783319706 3.5088658739880816 0.03804951045298722
673 1.675600389881832 3.4713627419820647 0.03851457151425321
674 1.6925681734957345 3.505460096568596 0.038498020912634164
675 1.6748497973128063 3.455325731417028 0.03873228365782558
676 1.6734197205159722 3.4601551381553093 0.03930974551817266
677 1.686981869180028 3.478111246737038 0.038303875886812444
678 1.6836018700425217 3.5027459685395406 0.03944934751247851
679 1.6879952964259357 3.4849039345252804 0.038233792227579326
680 1.676901697385602 3.455401938136031 0.0384278892221429
681 1.672675493286877 3.4579694779907784 0.0378504224666735
682 1.68823535922097 3.5156040903998584 0.03908761678172684
683 1.7059061934308308 3.53976594674878 0.04028177058051636
684 1.6703748070612185 3.4439682320850653 0.038715636811968754
685 1.6722926700987466 3.4541472661785964 0.037810806366728573
686 1.7007180859402913 3.4763896697905006 0.03963195872152361
687 1.6794740928382408 3.455583408111479 0.03757904390463742
688 1.6640379981296818 3.445628590700103 0.037996757650611605
689 1.6950752502534447 3.485765804604786 0.039303746210729205
690 1.6923564577974923 3.522914187210362 0.039314465336047294
691 1.6807779335394137 3.503722443813231 0.03944804740887953
692 1.6813068033718481 3.4714024997339017 0.039192513426447785
693 1.6892999577813033 3.5056177857445507 0.03797799123950848
694 1.6946420008089484 3.4916569663257135 0.03788975889726383
695 1.696936275173978 3.4892890046282514 0.039259954900821535
696 1.6814016452649745 3.46393957370665 0.039133006173027
697 1.6824726055308086 3.4747851418285833 0.0381754649257878
698 1.6886543377143581 3.5020642527719823 0.03914061096701317
699 1.6983162055655223 3.476793581392707 0.038797925215032766
700 1.691163792115886 3.4978479830230156 0.039115029443964
701 1.7398125958151933 3.6083224168637904 0.042405611471977175
702 1.7001736920054367 3.5076642472569537 0.03880757302409265
703 1.6844334536936225 3.472633379261668 0.03825751590974084
704 1.680504833779684 3.489043857993149 0.03837125676843088
705 1.6735709513105996 3.475379400136994 0.03790788595541948
706 1.6958711961420572 3.4991955800754266 0.03991319676406863
707 1.6893890107550271 3.465692483797306 0.03897999869886695
708 1.6804319561981573 3.4725183699189164 0.03889120417851501
709 1.6871358548722617 3.4700939175559253 0.03882492449498031
710 1.6847803767134504 3.499545966706625 0.03959332944870722
711 1.6689861831141681 3.459155880823368 0.03789766782485857
712 1.6708608902082212 3.465656940529986 0.03788136322869033
713 1.686369893027515 3.514239795324279 0.03817475208921767
714 1.6989561602836702 3.5281804247600275 0.03972123518995032
715 1.688140539861307 3.4944597322766375 0.03965856854962867
716 1.6957147463065823 3.5247643371907675 0.0379579476217126
717 1.6684644934607715 3.4372448979354484 0.03805552994287232
718 1.6873178562013114 3.4746623199160505 0.03869275910007518
719 1.6827334267337148 3.5102208954531973 0.039082912796335974
720 1.6762302343438311 3.4807878979822484 0.038600026232349434
721 1.6954400837421417 3.5291697833596207 0.0385917546795454
722 1.691296993232355 3.503645723912774 0.03811316613516793
723 1.7006174202372388 3.482241995450927 0.03954044371707047
724 1.6842506709622174 3.4844025896816717 0.037967182605004896
725 1.6730841245593093 3.455336272716522 0.038241625797548674
726 1.6820550066668813 3.5018290441210675 0.0378872450191255
727 1.6671190879693845 3.4446287358679424 0.03826359059752488
728 1.6688044303801002 3.445676267147064 0.03817249578991678
729 1.6768486935917923 3.475142762428377 0.03831060904237192
730 1.7521952492434805 3.647228553527739 0.03836696415503577
731 1.6780025275742136 3.467953158587944 0.03837737690929959
732 1.682538025989765 3.492319662396501 0.038141868838177224
733 1.6780639835974065 3.453314551493017 0.038618505773384396
734 1.6724856852031336 3.440491580381626 0.038609734134430564
735 1.6879527619699153 3.5096992297870355 0.03953919045218244
736 1.6811551037358075 3.4566871698309733 0.03893172519463228
737 1.6903516868265664 3.499150747206153 0.03891086509087827
738 1.6789194556271159 3.485796514080792 0.038738140541060666
739 1.7144507700350227 3.5621884508830743 0.0386338619538015
740 1.6875795547555132 3.497822379193655 0.03767272610807928
741 1.6741713801535165 3.4718444231079846 0.03856597971398293
742 1.6782494979660685 3.468124312598531 0.0383097057162625
743 1.679674059879489 3.476198590383297 0.03797033979989043
744 1.67452236501182 3.4883515325988212 0.03864185071391303
745 1.6896997377639864 3.471092263372933 0.038677504047660564
746 1.677828386789415 3.4573330195938667 0.03853647753868888
747 1.6704300780121872 3.464021878998454 0.03856364390017783
748 1.6771508317168167 3.4617242028073565 0.038184690868436566
749 1.7042408294794036 3.512492230752619 0.03995523415505886
750 1.6862098676402395 3.481581126771322 0.038152657937621924
751 1.6934463098281767 3.502706238409368 0.039082293739406075
752 1.678499666655936 3.4748365166710644 0.03787743829463313
753 1.6771125175604007 3.4600463960228898 0.038666883790184084
754 1.67286443201507 3.46938886438928 0.03783523139157673
755 1.70946085889165 3.566834529725517 0.0399349230432474
756 1.6807119432019024 3.4945388087412206 0.03822647289531987
757 1.678077643237463 3.4859363625689253 0.03827289956417389
758 1.6908810095089237 3.503839175875594 0.03877185849563741
759 1.666617924847254 3.4583018960022347 0.03823741105180688
760 1.6912194228753812 3.497221506223446 0.039494027701638096
761 1.6825330453674967 3.4737141641174873 0.03946977685682657
762 1.6788583230681535 3.4614850529810277 0.03782689372622749
763 1.6760900413117759 3.468690928889484 0.03787350220742022
764 1.7253447291327686 3.5633764644948447 0.039043698130493486
765 1.6845712494559404 3.4513989279909834 0.03844066064168767
766 1.6873953444201772 3.4776253976472993 0.039814801704956264
767 1.6963554380870447 3.523587356253368 0.03887558890870068
768 1.6699808094559647 3.43462960167629 0.038028818498388295
769 1.6859482781189243 3.484372781544197 0.03768964736472543
770 1.681164884712638 3.503079992968862 0.03821179993087199
771 1.6701311483615782 3.4542954549556826 0.03800191245291654
772 1.6984338949366313 3.5096572143275564 0.04012994990661377
773 1.6740684334824725 3.4665876961335904 0.038558489063800105
774 1.6853779161848672 3.4993854950113996 0.03922083269713855
775 1.692209334635153 3.5134322410676537 0.03857363486753368
776 1.705263366786445 3.543448772372269 0.03831884604537996
777 1.7115584829958475 3.501193056746227 0.04040666489021444
778 1.692408000550619 3.4941379413372133 0.03968489031511836
779 1.6839819950301473 3.49226802442132 0.03879558183707115
780 1.6911380952451287 3.4920277377454245 0.03963339926175228
781 1.6796744429483645 3.4780928521621517 0.03778889160830437
782 1.6766141573103464 3.4846248219652876 0.03870085589360536
783 1.6786215581545016 3.458203762042813 0.03844696585452411
784 1.6788425002156235 3.4918319553863713 0.03896530328045895
785 1.6727008070887588 3.47253677030889 0.03838313976302743
786 1.681343533643862 3.484556432177381 0.03809529471370142
787 1.686433188072065 3.472903237110231 0.038525819449072206
788 1.6793929687360438 3.4747392157228982 0.038629631171139274
789 1.6709603013061896 3.487662985557463 0.03802390866799325
790 1.669478977598795 3.4563743312184405 0.03811544485435617
791 1.6933675001307231 3.505839827584057 0.03859132703211976
792 1.6712125125454693 3.4600207136898504 0.03859818700655568
793 1.6713805184131716 3.4450655812170448 0.03830197931653479
794 1.678430957038228 3.4743762670493705 0.038134082163706784
795 1.684978647929866 3.4871356356434706 0.03851900075948456
796 1.7030820337737478 3.517081690997612 0.03825198327441041
797 1.6797946102735473 3.487628318914553 0.03899753333364681
798 1.6964800372356321 3.5071942181122013 0.03801072376394054
799 1.6873984460423632 3.513909380610396 0.038517066300278756
800 1.6824686803468845 3.5032729172125094 0.03889352965691104
801 1.6767861130760937 3.4600539309222524 0.03875937162921196
802 1.7190029112304128 3.5880345847548507 0.0383251926566406
803 1.6873489930862333 3.4651426483945147 0.03942201158213543
804 1.681346588018464 3.4710789758984637 0.03928077483277132
805 1.6960297110604077 3.5192537918323423 0.038093833343648326
806 1.6696748006634596 3.4544521148611858 0.03872720294109568
807 1.6760679636059739 3.458985860754804 0.038510958130312405
808 1.687583070702669 3.520453374560286 0.0391628123569961
809 1.6726871336378701 3.481224381342167 0.038171261287771346
810 1.6874630683805885 3.507450586412011 0.03854458521279257
811 1.6921416150360573 3.5330990015006645 0.0402768689616606
812 1.6839130273679408 3.496374720480384 0.03949889405516953
813 1.681595877176378 3.4813028515838997 0.038380352496283084
814 1.6883674431137923 3.4458497646378308 0.03851112399659142
815 1.6911623107223976 3.5160819175766735 0.038138283246264955
816 1.679565093139323 3.4798939606038535 0.03874322409718865
817 1.6800863713752934 3.49254285416952 0.038596815429627895
818 1.6855017288428982 3.5153913497924805 0.039106420786460726
819 1.670676243014452 3.4678115583047635 0.038594664040407754
820 1.687199353444867 3.4578849208064195 0.03840898038683141
821 1.679074961237791 3.4769745527244194 0.03807754285360982
822 1.6815593293527278 3.487075282306206 0.039353678786627405
823 1.6868386268615723 3.4709814772373293 0.038693346957698826
824 1.6940311462413975 3.5314651756751827 0.038378117401607154
825 1.6629530932845138 3.438502164875589 0.038118118136303454
826 1.6843954041236784 3.469431500609328 0.03870447467240255
827 1.6889315327493155 3.4974610892737785 0.03864772101046472
828 1.6809633781270283 3.4803667490075276 0.03913504405446896
829 1.6736933690745657 3.473361851238623 0.03792829038120988
830 1.6754678211561063 3.4753712066789952 0.037592931616506196
831 1.678806911881377 3.4717237731305564 0.03848670306047652
832 1.6838023015638677 3.4906126711426713 0.03963780935808289
833 1.689262800100373 3.5028453091295755 0.03843957071033556
834 1.6864074846593344 3.5016556934612555 0.03864487120881677
835 1.6671593996082865 3.4611984491348267 0.03734702022927927
836 1.673058410970176 3.477446675300598 0.03806714202481799
837 1.6783171935779293 3.465412702502274 0.0386708164474041
838 1.6830826597969706 3.484614956669691 0.03939298404062667
839 1.6875702535233847 3.476029537072996 0.03824018915297418
840 1.8088322456290082 3.768986946198998 0.04051401047036052
841 1.7208504713163144 3.5700874706593955 0.04131297843258192
842 1.6765318432959115 3.4618105684838643 0.03842540033070779
843 1.6868778961460764 3.513466632947689 0.039198200013942835
844 1.6882876150491761 3.520563848134948 0.03945926925530884
845 1.6819679468143276 3.488181223229664 0.0380593786561271
846 1.6667366347661832 3.4660394511571746 0.037980563348022904
847 1.6853882924812595 3.487311640890633 0.03894168498539707
848 1.673831087060091 3.4662987081015983 0.0378842387780002
849 1.676331977291805 3.48339296114154 0.03837722349094182
850 1.7017047921331918 3.511310372410751 0.040251811466565944
851 1.6874023784951466 3.4786425436415325 0.0386755011703183
852 1.6831099187455527 3.5067733148249185 0.038455093631566295
853 1.6942802442283165 3.4919313046990372 0.038650861441543914
854 1.683178476444105 3.5135285650811543 0.03920608054755664
855 1.6798900416711482 3.485809872790081 0.03760557190128943
856 1.6773242906826298 3.464553316918815 0.03804609397562539
857 1.6740601760585134 3.4855252693339094 0.038673937332066824
858 1.7009111788214706 3.5441717534530452 0.03836502754924501
859 1.6783774923987504 3.4966432931946545 0.03851953998389768
860 1.6742694893988168 3.446224028017463 0.03784793501765263
861 1.6637057662010193 3.4520569443702698 0.03794964558513063
862 1.6822424683629014 3.4892689760138347 0.03817144204385397
863 1.6802132754791073 3.4910725296997445 0.03929149708142731
864 1.6853520332313165 3.488733304709923 0.0379354127387448
865 1.689440699612222 3.4622618410645463 0.03922984807002472
866 1.6970276178383246 3.5401138561527903 0.03779602239317283
867 1.6871713588877422 3.5202588497138603 0.039746750997970016
868 1.6739398626292623 3.477996289730072 0.03805739124782565
869 1.6705463812118624 3.448079994538935 0.03864220964790481
870 1.670802338821132 3.4606371798166413 0.038079730416761666
871 1.692224836930996 3.53252985710051 0.039133270907147626
872 1.666110378939931 3.452629585091661 0.03814745479740384
873 1.679496827648907 3.4673055802903523 0.038191681739124586
874 1.6750868006450375 3.4824176794145165 0.03842686581220932
875 1.7002471162051689 3.483165682815924 0.0393592680509134
876 1.6738665896217997 3.4767516895038324 0.038348673888277715
877 1.688978959147523 3.4809864148861025 0.039473035611303116
878 1.6958590665968454 3.5290536865955446 0.038906478811418864
879 1.71815758362049 3.5861158094755035 0.04101720043435329
880 1.6811127284678018 3.4965017394321722 0.038446120611142096
881 1.6906752622709043 3.491607946593587 0.03845071659718708
882 1.666077757753977 3.461203352707188 0.0379184099573006
883 1.6930562664822835 3.487894097479378 0.040019586943544266
884 1.681250628901691 3.504821381917814 0.037967132290870675
885 1.6951385889111497 3.489712934668471 0.04007574286675308
886 1.6707591283612135 3.459040567642305 0.03835043779051885
887 1.6845424662276012 3.491186845593336 0.03895354976241545
888 1.6610733844885013 3.435480328594766 0.038386723901167874
889 1.6877654798147155 3.509487924052448 0.037820451200099255
890 1.6631098331474676 3.4452557273027375 0.03805734409110212
891 1.666052108130804 3.4312947130784757 0.03787455974691888
892 1.6698575666764888 3.4730715795261102 0.03861432627025174
893 1.6935761272907257 3.508003567777029 0.038965153053584625
894 1.6866188485447953 3.5118549655123457 0.039606580079147004
895 1.6770717385338574 3.457178922688089 0.03873640943954631
896 1.6696852663668191 3.4783017911562104 0.03820149471029276
897 1.6738872935132283 3.4798851885446687 0.0389949653820112
898 1.6745239205476714 3.472913614133509 0.038125097910623726
899 1.6789515745349046 3.4422151722559113 0.03940666987129101
900 1.6746477070378094 3.4668736399673836 0.03879264308275973
901 1.6617079079151154 3.448874938778761 0.03809626094951499
902 1.6684490020682172 3.4517545162177665 0.03835237931414712
903 1.6793526999834107 3.474467694759369 0.03945968279660475
904 1.6792838682488698 3.472663412733776 0.03816525337127287
905 1.6755759454355008 3.4676418929565243 0.038208287243345164
906 1.675020579884692 3.454149909135772 0.039119008372015346
907 1.6917853377214291 3.4880861029392336 0.04022374619707102
908 1.6889213970521602 3.513332461438528 0.038921246816199725
909 1.711570547848213 3.5189370149519386 0.040699704538849066
910 1.6867907010927432 3.4814635762354222 0.038262380411984716
911 1.681081976832413 3.4813566236961178 0.03924960817959977
912 1.683813255007674 3.4651884160390716 0.03914525874367938
913 1.6714816064369389 3.461402563060202 0.03795921399326223
914 1.6641183568210136 3.445692026033634 0.0380626587742349
915 1.6782977195774638 3.483041183250706 0.03854959771582266
916 1.6596633050499894 3.4237806186443422 0.037568514700978994
917 1.6706845367827066 3.445083985968334 0.03825724954012691
918 1.674652586622936 3.4670593127971743 0.03887103526376006
919 1.6676249540433652 3.460770314786492 0.03795176329908938
920 1.6608755937436732 3.4428992983771534 0.037996142284899226
921 1.6809378891456417 3.495702375726002 0.039106556952635686
922 1.673562014248313 3.457135158341105 0.03854257260199364
923 1.670395967437 3.459969088798616 0.03814543258943936
924 1.6847904760663102 3.4919638153983326 0.03950161869614953
925 1.6851485924022953 3.472859594880081 0.0388805002610131
926 1.6785929384754925 3.4847702776513447 0.038006743495693295
927 1.6681574030620296 3.460464308901531 0.03779782315080122
928 1.6788896649349025 3.4550013178732337 0.03857180531840862
929 1.6868933141231537 3.4883462336005233 0.0386654694746362
930 1.659172351767377 3.4318426178722845 0.0378989063475917
931 1.685891337511016 3.5191148243299346 0.0400891484715408
932 1.6657442712202304 3.4622083131859944 0.03818133063387216
933 1.6665786635584947 3.4645710936406764 0.038017050965075815
934 1.6771017872705691 3.4783722351237043 0.03824023403817924
935 1.6710377204708937 3.467382111200472 0.03833052445566509
936 1.6709842958101413 3.4602041346270864 0.03843081270049258
937 1.7209304076869314 3.6060637192028326 0.04140052994395175
938 1.6896832905164578 3.5228088788869902 0.040183222466489164
939 1.698254842583726 3.5133909394101397 0.040036029080156146
940 1.6693825358297767 3.452317753943001 0.038345921875500094
941 1.664310674841811 3.4484650521743587 0.03833227941948103
942 1.6924010108156902 3.5332152392806075 0.038590663635149236
943 1.665932232286872 3.453671138461043 0.03797723610726435
944 1.6572686855385943 3.4293380844883803 0.037821091438938935
945 1.6743578714568441 3.478343954900416 0.03872516274270488
946 1.6726969822150906 3.438970453855468 0.037897703862499174
947 1.6923805853215659 3.5035073379190957 0.03992174513547159
948 1.67969467799838 3.470097599959955 0.03833614186406499
949 1.6813527759982319 3.45203244104618 0.03900508773399562
950 1.665908652834776 3.465597043677074 0.038011580966867325
951 1.6736614246193955 3.494579140732928 0.03875144734615233
952 1.6784412751837474 3.4469540264548324 0.039136163015827174
953 1.6738496793479454 3.480043419977514 0.038507866411946895
954 1.6964177271214926 3.512147496386272 0.040238367836558965
955 1.6854517539826834 3.507826046245854 0.03820896633650835
956 1.6617005656405193 3.4520846067405326 0.03784994853705895
957 1.6967615463384769 3.519714349653663 0.038588538073094154
958 1.6868182217202536 3.468275609539776 0.03915111830730627
959 1.689194520799125 3.4898479377351155 0.03947313762519781
960 1.6805855544602 3.499774661005997 0.03867346976270399
961 1.6830781363859408 3.510351368566839 0.03996743766091219
962 1.692006840938475 3.48551565699461 0.040190567148894796
963 1.6671078408636697 3.4586998776691718 0.038342283425352924
964 1.689005012919263 3.4961696063599934 0.037907259175326766
965 1.6655304809895957 3.46207952790144 0.03852583465688839
966 1.6715929937071916 3.463028385871794 0.038113287116241894
967 1.6683413815207597 3.4429756911789497 0.038653873486398926
968 1.681506039165869 3.489143524228073 0.03879046371978957
969 1.663581553755737 3.4632762772280996 0.03823664828726068
970 1.676520057567736 3.474293208703762 0.038368318911369256
971 1.6966008827453707 3.4877711956093953 0.04062693125409324
972 1.6662709785670768 3.474984619675613 0.03780665705207645
973 1.6704633999161604 3.469914866656792 0.03839763119907641
974 1.6626968369251345 3.4481145448800996 0.03843071335563209
975 1.6738439369492415 3.4379710337010825 0.03830493926411358
976 1.6710513197794192 3.446583157632409 0.03938710087592282
977 1.6664299390664914 3.4642094519080184 0.03827708934592765
978 1.6877812110796206 3.465091907396549 0.03888125967506955
979 1.6688674448466883 3.434698077236734 0.03800042109881959
980 1.679713141627428 3.490352466339018 0.03914190932154292
981 1.6740218117469694 3.4671549709831795 0.038098764719396105
982 1.671719532914278 3.4692236650280837 0.03820577251338741
983 1.687630534898944 3.503459748698444 0.03834565448370285
984 1.672284994910403 3.4791129623971333 0.037833292514267494
985 1.6720254079597752 3.4751592540159457 0.037979770065625994
986 1.6692538886535457 3.4690030696915417 0.03813160944548322
987 1.6743235966054404 3.469358355533786 0.03871074831113219
988 1.6657390957925378 3.4494752302402403 0.038622155058674695
989 1.6992852149940119 3.4868081837165645 0.040192071666441315
990 1.6832343972310788 3.4977823074271037 0.03768511871784562
991 1.6753259417487354 3.4638471181799724 0.038592144824201015
992 1.6710372036550103 3.4375916486833153 0.03800370285242069
993 1.6666704568921067 3.4650634250989776 0.037995532859207655
994 1.668893146078761 3.437173513377585 0.03812619390693016
995 1.6753943889606289 3.482470496398647 0.038002122613805825
996 1.669176937603369 3.4691630994401326 0.03823751475798284
997 1.6876946745849237 3.495703704473449 0.03865908479272592
998 1.6793752508919413 3.4793745773594553 0.037857873921805035
999 1.685207468707387 3.500998547891291 0.038514835169402566
1000 1.6772963789904989 3.4842686609524054 0.03834681823940539
1001 1.6698571618010358 3.476081365492286 0.03829916537080596
1002 1.6816471451666297 3.4874395437356904 0.03881177453823933
1003 1.6751809185597955 3.463740651200457 0.0384341642578564
1004 1.6867062144163179 3.5004347809931127 0.03982308321836882
1005 1.698542009766509 3.5166396338765216 0.03952131432867268
1006 1.6866187976627816 3.4955019965404417 0.03867462177465602
1007 1.6923528131915302 3.511892259120941 0.039154329507543544
1008 1.6783455406747214 3.486873706666435 0.039573230337715
1009 1.703281350252105 3.540489663438099 0.039631531437540925
1010 1.6648437075498628 3.450116679435823 0.03883548291036632
1011 1.67377438341699 3.4744228502599204 0.03836239276953587
1012 1.6756169003684347 3.470927796712736 0.038634684073125446
1013 1.6727703119196542 3.486640767353337 0.03849696766630542
1014 1.6711223997720859 3.4611736521488283 0.038845572484339154
1015 1.6812131826470538 3.446742950416193 0.0390227657583792
1016 1.6759184976903403 3.472032138487188 0.039424435326420676
1017 1.6661954493057438 3.462629760183939 0.03875919930046288
1018 1.6781607728178909 3.471364644969382 0.038753772722330035
1019 1.684291429635955 3.4819167939628044 0.039504861300129715
1020 1.6763888314002897 3.472359825925129 0.03871172995919862
1021 1.686217007840552 3.494350148410332 0.03783537766600891
1022 1.684236937179798 3.4837907669020862 0.04017104524210459
1023 1.684871684487273 3.5138360509058324 0.03978980713092336
1024 1.6817534355128683 3.4738713822713714 0.03858442308108618
1025 1.668274412794811 3.455817173166973 0.03809699418432102
1026 1.683000459176738 3.493666641595887 0.039269835608670624
1027 1.6718996218064937 3.4504481452267344 0.03821326384502577
1028 1.6660861750928366 3.4425771745239815 0.03818070098030858
1029 1.674953356021788 3.4641930402779 0.037891733789498484
1030 1.6875867800014774 3.476207426408442 0.0387965708902878
1031 1.6649756795022546 3.437166410248454 0.037443045379094236
1032 1.679431579461912 3.488021283614926 0.038648312434372376
1033 1.690022679363809 3.4835133436249524 0.03838068519423648
1034 1.6832138561620944 3.505335519953472 0.03887682885113286
1035 1.7052222868291342 3.539147740457116 0.04045241722473648
1036 1.6678862419070266 3.4551615293433025 0.03836583021301322
1037 1.6734755882402745 3.457295250601885 0.03864081696857039
1038 1.671796746370269 3.4591950207221798 0.038594025016830465
1039 1.6843453107810602 3.445574628143776 0.03874682874714092
1040 1.6646777827565262 3.43722005297498 0.03790671996227125
1041 1.6729376853966131 3.455337233659698 0.03852507418657585
1042 1.6907469463057634 3.4848161121694052 0.03861888194820139
1043 1.6635734729650544 3.454357394358007 0.03800238018128567
1044 1.6866644628164245 3.4469447135925293 0.039200635320257124
1045 1.6903129750635566 3.462116711023377 0.03818878595058511
1046 1.6951144759247943 3.5089456962376104 0.03915010439231992
1047 1.6759844756707913 3.4773461120884592 0.03919412019639844
1048 1.6732502376160971 3.4769220875530706 0.03863198623606345
1049 1.6673776747249975 3.44461898542032 0.038262799359494594
1050 1.6684838315335715 3.459036556685843 0.03847677237922099
1051 1.6857272510121508 3.483861604841744 0.03810238055657686
1052 1.6711595959779693 3.4382846340900515 0.038362114633456235
1053 1.6812970950836088 3.483542648757376 0.03798114405036336
1054 1.6739094577184537 3.4564203082061393 0.0382493716755473
1055 1.6939095774801767 3.5057293060349255 0.03964657891859732
1056 1.6652397113602335 3.4742217659950256 0.03836313581730171
1057 1.6873409530011618 3.4977132023834603 0.03934122748082367
1058 1.6961180531397098 3.472141526094297 0.03960853928654659
1059 1.674059542940884 3.4893495353256783 0.0375606049556376
1060 1.6677948628983847 3.4586165024013056 0.03842768200287005
1061 1.679973164709603 3.4750990780388435 0.03759895467267531
1062 1.6858161593355783 3.457226793940474 0.03770360610697691
1063 1.669417142141156 3.4764888301128294 0.03806970838639068
1064 1.6670596701342886 3.4500644177925297 0.0386367118349526
1065 1.6780970016630685 3.4903773956182524 0.038613144103891966
1066 1.6676937261732614 3.432664949719499 0.03796837745779535
1067 1.6717853633368887 3.473017912085463 0.03779151353121894
1068 1.669030108102938 3.461180592455515 0.0379660773068303
1069 1.6673062065752542 3.460885689025972 0.03808550595692018
1070 1.672660339169386 3.4776316081605305 0.037843877324698176
1071 1.678395085945362 3.467330622963789 0.03817498723681017
1072 1.667348637086589 3.4614610599308477 0.03818799244103635
1073 1.691767807413892 3.536235339757873 0.039648205961850355
1074 1.6743404174723275 3.475296027776672 0.03846435207964444
1075 1.6598322246132828 3.447542306853504 0.03821457128562942
1076 1.6926091066220912 3.5056610747081476 0.04014888838524135
1077 1.6781232887651862 3.4841136554392373 0.03883060572169176
1078 1.6829011411201664 3.5138623452768094 0.038665480900374125
1079 1.6714016155498783 3.4683354438805 0.03850184853483991
1080 1.7108198782292807 3.4692529309086684 0.03985587022517149
1081 1.6703169127789939 3.464729723407001 0.03796799019796819
1082 1.6637744838144721 3.45450008060874 0.03793693228238603
1083 1.6762288787016055 3.4698901583508746 0.037863585246136276
1084 1.6621108055114746 3.4335441851034396 0.037890286287065686
1085 1.6812103914051522 3.5138121639809956 0.03973766813826997
1086 1.6688904100801887 3.448582737911038 0.038665581153842006
1087 1.6704907824353474 3.4422195030421747 0.039088474734254725
1088 1.674651463584202 3.4406434980834404 0.03887804223951406
1089 1.6797334137486248 3.4476829316557907 0.03883198135328002
1090 1.6643975238974502 3.45490826775388 0.0377511577567131
1091 1.6771447324171298 3.475970231905216 0.03795417816173739
1092 1.68022833510143 3.468210234874632 0.038116117746273916
1093 1.67753948816439 3.4833983677189524 0.039512077232868204
1094 1.681492838917709 3.488808829609941 0.03975542577937609
1095 1.6723703138711976 3.471224779035987 0.037990514302580825
1096 1.6789954820784128 3.4628108928843244 0.038621182065093664
1097 1.6737515206744031 3.4368240615216696 0.03859670287588748
1098 1.6951904900190307 3.497264470995926 0.03786158592372042
1099 1.6654668261365193 3.4429132705781518 0.037713656735765495
1100 1.670123891132634 3.480499878162291 0.039141590797864806
1101 1.6618006149443185 3.4405758046522372 0.038007956077685444
1102 1.7134574775288745 3.530979700204803 0.041408474636604874
1103 1.6611534233500318 3.441243017592081 0.03785719515801203
1104 1.671503023403447 3.450861327531861 0.03852573583447715
1105 1.6677011084265825 3.4454765494276836 0.038478955410693474
1106 1.6695788211938811 3.4651823363653045 0.03827809518566582
1107 1.6889770110932791 3.520367516250145 0.03927079299691974
1108 1.687978876073186 3.4941172817858255 0.038377931511892775
1109 1.670878686556002 3.4712961127118365 0.038063556126250724
1110 1.681395041506465 3.488989755874727 0.038960353448623565
1111 1.6809893766554391 3.4980641632545284 0.037760282707650486
1112 1.6704358240453208 3.4606453471067473 0.03793798973102395
1113 1.676536517172325 3.4661297085808545 0.03826459243939054
1114 1.6761683930711049 3.460904324926981 0.03849923171148431
1115 1.6740799197336522 3.4482440221600417 0.03900127106050893
1116 1.6762870811834567 3.4849753089067415 0.03782430060616717
1117 1.6704462628539016 3.477498950027838 0.03870945080842187
1118 1.666674917790948 3.4467461995962188 0.0380840216445305
1119 1.6816565627005042 3.5029702419187965 0.03834359739657219
1120 1.672465195743049 3.452207425745522 0.03798827241606465
1121 1.6718724689832547 3.4476746335262205 0.03820693977858599
1122 1.660268758855215 3.4383171171676823 0.03775481023348686
1123 1.6769177383039056 3.464495655966968 0.039055330871899684
1124 1.6921159058082393 3.5005403175586607 0.03852469998797992
1125 1.6822377799487696 3.4919506514944683 0.038350795974909535
1126 1.6822687176669515 3.4910063699978156 0.03942106599442479
1127 1.6573882313763224 3.437616774221746 0.03765608326009497
1128 1.6714028418064117 3.4825719260587924 0.0386390205381847
1129 1.6628352549017928 3.4488272754157463 0.03786686679530071
1130 1.6666918280648022 3.4463808362076924 0.03772722624196875
1131 1.6712969948605794 3.473616796295817 0.03901488406629097
1132 1.6952880926248504 3.5305227390149745 0.03989360918767932
1133 1.6733153302495072 3.475454528157304 0.037459525597713345
1134 1.6620320445153771 3.4359256465260577 0.03828739439614299
1135 1.6677222106514908 3.458395309564544 0.03820988432526952
1136 1.6708634161367648 3.453595913038021 0.03778689003708523
1137 1.678395515534936 3.5035865016099885 0.03807026226209795
1138 1.6723891234979398 3.4881481121226057 0.0380198150850469
1139 1.6717514264874342 3.461018790559071 0.03778900942061006
1140 1.6590251966220577 3.441197832910026 0.0379144972326552
1141 1.6586633404580557 3.4440541529073947 0.03801253040480178
1142 1.6845380344041965 3.494286923873715 0.038590382432519665
1143 1.675065674432894 3.5010030516764012 0.038740088708880474
1144 1.682997257971182 3.4960511748383687 0.03855596665610991
1145 1.673822597759526 3.464159782339887 0.038616821476508204
1146 1.6797579839462187 3.48431296028742 0.03854952166538413
1147 1.6854346183741964 3.48940786937388 0.03958843113491085
1148 1.684281406606116 3.478048845035274 0.03823821382915101
1149 1.6681819594487912 3.4497383716629773 0.03873821845414435
1150 1.6884236095882044 3.507095028714436 0.03773143576321805
1151 1.664126902091794 3.4640245742914155 0.03815921639069551
1152 1.6675385723753673 3.4360311409322226 0.03823727767959964
1153 1.6606415219423247 3.4591342675976637 0.03803352214305139
1154 1.665135715065933 3.456744992151493 0.03816003747647855
1155 1.6593407101747466 3.445045083034329 0.037825998225499216
1156 1.6655576498043247 3.466235940049334 0.03800681015340293
1157 1.6666607304317196 3.436421070157028 0.03814802289281676
1158 1.6763368176250923 3.4838292017215635 0.03903730502124966
1159 1.6757635823110255 3.4663198604816343 0.03789174030875651
1160 1.6765904419305848 3.4494367634377827 0.03925871267551329
1161 1.6755002446290923 3.473211496341519 0.03874028630827258
1162 1.662924232279382 3.4450104323829094 0.03759489883100841
1163 1.6759716097901507 3.4764299320011602 0.03803024891900217
1164 1.6760088939492295 3.4650252156141326 0.03853882441478895
1165 1.6693274654993198 3.463415273805944 0.037605358651135026
1166 1.6667599670770692 3.457840631647808 0.03829415582074988
1167 1.6996185772302674 3.5085269808769226 0.03794575660921088
1168 1.670213123647178 3.4536091685295105 0.03809391407341492
1169 1.6700751607011004 3.461705462234776 0.03807908798590666
1170 1.6769403110190135 3.500368603845922 0.03893575735571908
1171 1.6770931649498824 3.4697984573317737 0.03882180500730145
1172 1.6588781279761617 3.435576270266277 0.03798086734534037
1173 1.671568709902647 3.4820168498085766 0.038058173820012954
1174 1.6735330791008183 3.475665509700775 0.03884922841382099
1175 1.681894888238209 3.4884539798992438 0.03938694236936366
1176 1.6712926967841824 3.4563873017706523 0.038098188548735
1177 1.6822107892210891 3.504763315363628 0.03785963270177201
1178 1.7734446140324198 3.589146458521122 0.04361341917523887
1179 1.675073726875026 3.476722445429825 0.03889035385828919
1180 1.6661574099122025 3.4382858727036454 0.037918343765252244
1181 1.6785060559831015 3.4783440334040945 0.03878856669520823
1182 1.6824548658801288 3.4833445926991904 0.03930956351275488
1183 1.6678157637758952 3.463512653257789 0.03778637489076794
1184 1.6740127452989904 3.4596549694131062 0.03868529309586781
1185 1.6601763934623905 3.4474099249374577 0.0379004250394135
1186 1.6805130563131192 3.500180290966499 0.03905971855970054
1187 1.6860656033201915 3.4541113798211263 0.03872223191599294
1188 1.6806446030372526 3.453415108890068 0.03930501347952863
1189 1.6704268848023764 3.432529247388607 0.03894588556822117
1190 1.6851945955578873 3.5021548489244974 0.03920416832651671
1191 1.6654278330686616 3.4647818338580247 0.03879207134155965
1192 1.6689638800737334 3.4755073320574876 0.037964390965587486
1193 1.6921244619823084 3.527279638662571 0.0402271250694445
1194 1.6734691930980217 3.445204867095482 0.038329744336717736
1195 1.668760053995179 3.445771297303642 0.038493160624057055
1196 1.67059835936965 3.4780750768940623 0.03805552833009421
1197 1.670972755042518 3.45806531644449 0.03885493170833442
1198 1.6683143108356289 3.4228056160415092 0.03873519155355852
1199 1.6954661956647548 3.5274305794297196 0.04046052938508915
1200 1.664130423854037 3.4540026289660757 0.038337830544971835
